<svg width="409" height="409" viewBox="0 0 409 409" fill="none" xmlns="http://www.w3.org/2000/svg">
<path d="M75.2561 211.24C3.8938 252.443 3.8938 319.216 75.2561 360.452C146.618 401.687 262.333 401.654 333.744 360.452C405.156 319.249 405.106 252.476 333.744 211.24C262.382 170.005 146.643 170.038 75.2561 211.24Z" fill="#F5F5F5"></path>
<path d="M41.2761 96.2376C39.1411 95.9186 37.7178 95.2233 37.4315 94.1026C37.3548 93.4744 37.486 92.8383 37.8051 92.2917C38.1242 91.7451 38.6136 91.3181 39.1984 91.076C40.6609 90.512 42.2401 90.3182 43.7956 90.5116C43.5992 88.5566 45.4316 86.2417 47.1821 85.2601C48.9326 84.2785 52.1882 84.0412 54.0042 85.5464C54.5359 82.0371 56.7936 80.3193 60.3273 79.0842C61.8574 78.5582 63.4985 78.4423 65.0873 78.748C66.6761 79.0537 68.157 79.7703 69.3826 80.8265C71.4276 76.9983 77.5626 74.6997 83.7958 77.2109C86.2667 78.2156 88.2796 80.0974 89.4481 82.4952C90.033 83.8629 90.3575 85.3276 90.4052 86.8143C91.2517 86.2289 92.2454 85.8925 93.2734 85.8434C94.3014 85.7942 95.3227 86.0342 96.2212 86.5361C96.9086 86.9647 97.4675 87.571 97.839 88.2909C98.2104 89.0107 98.3806 89.8176 98.3316 90.6261C99.6259 90.7001 100.898 90.9933 102.094 91.4932C103.452 92.0658 104.867 93.3419 104.368 94.6834C104 95.6977 102.732 96.0986 101.62 96.254C99.4115 96.5568 97.1648 96.4178 95.0105 95.845C92.9928 97.169 90.6196 97.8469 88.2069 97.7884C85.7942 97.73 83.4566 96.9379 81.5054 95.5178C80.6226 96.1876 79.6901 96.7892 78.716 97.3174C77.6771 97.7748 76.5731 98.0674 75.444 98.1845C73.5462 98.389 70.8877 98.0372 69.4071 96.7939C69.2248 96.586 68.9763 96.4473 68.7037 96.4012C68.4903 96.4169 68.2847 96.4873 68.1065 96.6057C66.6581 97.3698 65.0249 97.7134 63.3914 97.5978C61.7579 97.4821 60.1894 96.9118 58.8631 95.9513C57.1558 97.455 54.9362 98.2457 52.6627 98.1599C50.3705 98.0738 48.2033 97.093 46.6258 95.4278C44.9551 96.1983 43.1001 96.4791 41.2761 96.2376Z" fill="#F5F5F5"></path>
<path d="M233.947 55.0268C231.812 54.7078 230.389 54.0125 230.102 52.8918C230.035 52.2649 230.175 51.6333 230.5 51.093C230.825 50.5526 231.317 50.133 231.902 49.8979C233.364 49.334 234.944 49.1401 236.499 49.3335C236.303 47.3785 238.135 45.0636 239.886 44.082C241.636 43.1004 244.892 42.8631 246.708 44.3683C247.239 40.8509 249.497 39.1331 253.031 37.9061C254.561 37.3801 256.202 37.2642 257.791 37.5699C259.38 37.8756 260.86 38.5922 262.086 39.6484C264.131 35.8202 270.266 33.5216 276.499 36.0328C278.97 37.0375 280.983 38.9193 282.152 41.3171C282.736 42.6848 283.061 44.1495 283.109 45.6362C283.955 45.0508 284.949 44.7144 285.977 44.6653C287.005 44.6161 288.026 44.8561 288.925 45.358C289.612 45.7866 290.171 46.3929 290.542 47.1128C290.914 47.8326 291.084 48.6395 291.035 49.448C292.329 49.5282 293.601 49.824 294.798 50.3233C296.156 50.8959 297.571 52.172 297.072 53.5135C296.704 54.5278 295.436 54.9286 294.323 55.0841C292.115 55.3869 289.868 55.2479 287.714 54.6751C285.696 55.999 283.323 56.6769 280.91 56.6185C278.498 56.56 276.16 55.768 274.209 54.3479C273.324 55.0148 272.392 55.6163 271.419 56.1475C270.379 56.6012 269.276 56.8936 268.147 57.0145C266.25 57.219 263.591 56.8673 262.111 55.6239C261.928 55.4161 261.68 55.2774 261.407 55.2313C261.194 55.247 260.988 55.3174 260.81 55.4358C259.361 56.198 257.728 56.5406 256.095 56.425C254.462 56.3093 252.894 55.7401 251.567 54.7814C249.86 56.2595 247.655 57.0317 245.399 56.9409C243.119 56.8485 240.966 55.8714 239.395 54.217C237.695 55.0062 235.803 55.2874 233.947 55.0268Z" fill="#F5F5F5"></path>
<path d="M369.988 88.2948C371.951 88.0003 373.26 87.3623 373.521 86.3234C373.589 85.745 373.465 85.1603 373.17 84.6584C372.875 84.1564 372.424 83.7645 371.885 83.5422C370.54 83.0231 369.087 82.846 367.656 83.0269C367.836 81.2273 366.176 79.0923 364.54 78.1925C362.904 77.2927 359.934 77.0719 358.258 78.4543C357.775 75.1823 355.697 73.6444 352.45 72.5074C351.039 72.0275 349.526 71.926 348.064 72.2131C346.601 72.5001 345.239 73.1657 344.114 74.1434C342.233 70.6178 336.613 68.5074 330.846 70.8142C328.569 71.7571 326.718 73.5037 325.644 75.7222C325.111 76.9578 324.806 78.2797 324.744 79.624C323.971 79.0876 323.064 78.7774 322.125 78.7282C321.186 78.6791 320.251 78.893 319.427 79.3459C318.799 79.7394 318.288 80.2933 317.946 80.9505C317.603 81.6076 317.443 82.3442 317.48 83.0842C316.288 83.1566 315.118 83.4333 314.02 83.9022C312.769 84.4257 311.468 85.6036 311.926 86.8306C312.27 87.7713 313.431 88.1394 314.454 88.2785C316.487 88.5634 318.557 88.4354 320.54 87.9022C322.395 89.1222 324.579 89.7469 326.8 89.6928C329.02 89.6387 331.171 88.9084 332.965 87.5995C333.778 88.209 334.637 88.7559 335.533 89.2355C336.481 89.6592 337.488 89.9351 338.519 90.0535C340.262 90.2335 342.716 89.9063 344.073 88.7611C344.246 88.5771 344.472 88.4513 344.72 88.4012C344.919 88.418 345.11 88.4856 345.276 88.5975C346.608 89.2991 348.11 89.6142 349.612 89.5073C351.114 89.4003 352.556 88.8755 353.775 87.9922C355.349 89.3872 357.399 90.1225 359.501 90.0453C361.599 89.962 363.583 89.0641 365.031 87.5422C366.578 88.2577 368.297 88.5187 369.988 88.2948Z" fill="#F5F5F5"></path>
<path d="M64.9142 294.365C54.5338 300.361 54.5338 310.071 64.9142 316.067C75.2946 322.063 92.1291 322.063 102.542 316.067C112.955 310.071 112.923 300.361 102.542 294.365C92.1618 288.369 75.2946 288.369 64.9142 294.365Z" fill="#E0E0E0"></path>
<path d="M151.449 327.936C141.069 333.932 141.069 343.65 151.449 349.638C161.83 355.626 178.656 355.634 189.036 349.638C199.417 343.642 199.417 333.932 189.036 327.936C178.656 321.94 161.83 321.949 151.449 327.936Z" fill="#E0E0E0"></path>
<path d="M199.637 391.315L317.249 323.363L265.306 293.367L117.641 378.734C143.195 386.677 171.342 390.881 199.637 391.315Z" fill="#E0E0E0"></path>
<path d="M156.465 244.247L30.0352 317.302C37.4871 331.118 49.9698 344.223 67.4914 355.666L208.416 274.243L156.465 244.247Z" fill="#E0E0E0"></path>
<path d="M275.429 238.881L275.421 342.472L232.238 317.531V213.94L275.429 238.881Z" fill="#021D58"></path>
<path opacity="0.2" d="M275.429 238.881L275.421 342.472L232.238 317.531V213.94L275.429 238.881Z" fill="white"></path>
<path d="M308.657 219.69L275.43 238.88L275.422 342.472L308.657 323.29V219.69Z" fill="#021D58"></path>
<path opacity="0.2" d="M308.657 219.69L275.43 238.88L275.422 342.472L308.657 323.29V219.69Z" fill="black"></path>
<path d="M308.656 219.699L275.429 238.881L232.238 213.94L265.474 194.75L308.656 219.699Z" fill="white"></path>
<path d="M265.474 196.639L305.384 219.698L275.429 236.991L235.51 213.94L265.474 196.639ZM265.474 194.749L232.238 213.94L275.429 238.856L308.656 219.674L265.474 194.725V194.749Z" fill="#021D58"></path>
<path d="M252.974 153.048C252.743 153.549 252.584 154.081 252.5 154.626C252.41 155.444 252.827 156.336 252.459 157.08C252.091 157.825 250.299 158.193 249.677 158.577C249.436 158.759 249.156 158.882 248.859 158.937C248.5 158.937 248.5 158.88 248.426 158.577C248.282 158.011 248.218 157.427 248.238 156.843C248.272 155.684 248.614 154.555 249.228 153.571C249.456 153.155 249.799 152.814 250.217 152.59C250.42 152.503 250.639 152.458 250.859 152.458C251.08 152.458 251.299 152.503 251.502 152.59C251.772 152.712 253.08 152.786 252.974 153.048Z" fill="#F28F8F"></path>
<path d="M247.412 155.698C247.37 153.924 247.427 152.149 247.584 150.381C247.813 148.688 248.074 142.201 248.271 140.41C248.533 138.029 249.015 136.516 249.269 135.035C249.555 133.399 249.727 131.134 250.185 127.534C250.643 123.935 251.371 121.898 253.122 120.622C254.758 119.444 256.5 119.297 257.612 118.986C258.111 120.041 258.005 123.894 258.005 123.894C258.005 123.894 256.819 132.14 256.721 133.146C256.623 134.152 255.085 139.69 254.119 143.526C253.555 145.71 252.933 147.902 252.933 147.902C252.655 148.848 252.678 149.858 252.999 150.79C253.484 151.991 253.888 153.224 254.209 154.479C254.332 155.265 254.529 156.037 254.798 156.786C255.003 157.326 254.144 157.555 253.465 157.13C252.786 156.704 252.827 155.984 252.434 155.338C252.042 154.692 251.412 153.391 251.044 153.702C250.599 154.423 250.205 155.175 249.866 155.952C249.596 156.35 249.407 156.797 249.31 157.269C249.228 157.8 249.588 158.504 249.359 158.978C249.305 159.083 249.23 159.175 249.138 159.248C248.906 159.453 248.624 159.591 248.32 159.649C247.453 159.763 247.412 156.181 247.412 155.698Z" fill="#FFA8A7"></path>
<path d="M255.937 119.117C254.383 119.502 251.954 120.876 251.07 122.667C250.187 124.459 249.647 129.211 249.312 132.189C248.976 135.166 248.101 137.972 247.888 140.974C247.676 143.976 247.7 146.397 247.7 146.397C248.561 146.852 249.504 147.13 250.473 147.215C251.44 147.37 252.426 147.37 253.393 147.215C253.393 147.215 255.635 138.937 256.215 136.671C256.796 134.406 257.033 132.254 257.77 128.254C258.506 124.254 258.252 120.074 257.868 118.839C257.217 118.868 256.57 118.961 255.937 119.117Z" fill="#E0E0E0"></path>
<path d="M247.574 146.046V148.107C247.574 148.107 248.04 148.925 250.421 149.048C252.801 149.17 253.21 148.819 253.21 148.819L253.644 146.7C251.604 147.158 249.47 146.928 247.574 146.046Z" fill="#F0F0F0"></path>
<path d="M236.655 167.51L236.59 186.438C236.59 187.363 237.236 187.895 238.03 188.361L240.017 189.522C240.239 189.682 240.493 189.792 240.761 189.845C241.029 189.899 241.305 189.895 241.571 189.833C241.943 189.734 242.3 189.589 242.635 189.4H242.676L242.782 189.342L263.167 177.661C263.906 177.246 264.522 176.643 264.953 175.914C265.383 175.184 265.614 174.353 265.621 173.506L265.678 156.271C265.667 156.055 265.606 155.845 265.499 155.658C265.393 155.471 265.244 155.311 265.064 155.191L261.67 153.22C261.48 153.123 261.27 153.072 261.056 153.072C260.843 153.072 260.633 153.123 260.443 153.22L237.31 166.471C237.124 166.581 236.971 166.739 236.868 166.929C236.751 167.103 236.678 167.302 236.655 167.51Z" fill="#455A64"></path>
<path d="M236.655 167.51L236.59 186.439C236.59 187.363 237.236 187.895 238.03 188.361L240.017 189.522C240.239 189.682 240.493 189.792 240.761 189.845C241.029 189.899 241.305 189.895 241.571 189.833C241.943 189.734 242.3 189.589 242.635 189.4C241.817 189.768 241.212 189.351 241.22 188.41L241.277 170.577C241.288 170.25 241.384 169.932 241.555 169.653L236.835 166.872C236.721 167.065 236.659 167.285 236.655 167.51Z" fill="#263238"></path>
<path d="M241.309 170.569C241.325 170.242 241.418 169.922 241.582 169.638C241.745 169.353 241.974 169.112 242.249 168.933L264.106 156.41C264.974 155.919 265.677 156.328 265.677 157.326L265.62 173.465C265.616 174.308 265.392 175.136 264.968 175.865C264.545 176.594 263.937 177.2 263.207 177.62L242.781 189.318C241.914 189.809 241.211 189.4 241.219 188.402L241.309 170.569Z" fill="#37474F"></path>
<path d="M262.741 153.841L239.567 167.24C239.241 167.43 238.969 167.702 238.78 168.029C238.591 168.356 238.49 168.727 238.487 169.105L238.422 188.59L238.774 188.794L238.839 169.105C238.841 168.789 238.927 168.48 239.086 168.207C239.245 167.934 239.473 167.708 239.747 167.551L263.085 154.037L262.741 153.841Z" fill="#021D58"></path>
<path d="M254.512 156.238V159.166L255.657 159.837V155.943C255.657 155.739 255.518 155.657 255.338 155.755L254.512 156.238Z" fill="#021D58"></path>
<path opacity="0.4" d="M254.512 156.238V159.166L255.657 159.837V155.943C255.657 155.739 255.518 155.657 255.338 155.755L254.512 156.238Z" fill="black"></path>
<path d="M246.445 159.101V163.845L247.541 164.483L248.278 164.058V160.164C248.283 160.056 248.314 159.951 248.368 159.857C248.422 159.763 248.498 159.684 248.588 159.624L254.184 156.418L255.345 155.747C255.525 155.649 255.664 155.747 255.664 155.935V159.829L256.409 159.404V154.602C256.393 154.504 256.357 154.411 256.303 154.328C256.25 154.245 256.18 154.174 256.098 154.119L255.631 153.849C255.534 153.801 255.426 153.776 255.317 153.776C255.207 153.776 255.1 153.801 255.002 153.849L246.773 158.561C246.679 158.619 246.601 158.698 246.544 158.792C246.487 158.886 246.453 158.991 246.445 159.101Z" fill="#021D58"></path>
<path opacity="0.2" d="M247.543 159.739V164.483L248.279 164.058V160.164C248.285 160.056 248.316 159.951 248.37 159.857C248.424 159.763 248.499 159.684 248.59 159.624L254.185 156.418L255.347 155.747C255.527 155.649 255.666 155.747 255.666 155.935V159.829L256.41 159.404V154.602C256.41 154.455 256.255 154.397 256.099 154.487L247.854 159.191C247.763 159.252 247.688 159.333 247.634 159.428C247.58 159.523 247.549 159.63 247.543 159.739Z" fill="black"></path>
<path d="M255.069 155.649C254.979 155.493 254.853 155.361 254.701 155.264C254.357 155.018 253.983 154.818 253.588 154.667C253.344 154.56 253.072 154.531 252.811 154.586C252.682 154.617 252.57 154.696 252.497 154.807C252.424 154.918 252.396 155.052 252.418 155.183C252.068 155.085 251.697 155.085 251.347 155.183C251.181 155.217 251.031 155.307 250.921 155.436C250.725 155.723 250.921 156.123 250.823 156.459C250.414 156.41 249.915 156.393 249.694 156.745C249.474 157.097 250.095 158.757 249.891 158.88C249.408 159.175 249.073 159.354 248.59 159.649C248.519 159.687 248.458 159.74 248.41 159.804C248.887 160.159 249.387 160.482 249.907 160.77C250.169 160.91 250.471 160.953 250.762 160.891C251.052 160.83 251.311 160.668 251.494 160.434C251.541 160.319 251.604 160.212 251.682 160.115C251.87 159.927 252.189 159.976 252.451 159.903C252.713 159.829 253.081 159.404 253.441 159.224C253.604 159.15 253.784 159.109 253.948 159.027C254.455 158.774 254.512 158.299 254.717 157.841C254.961 157.353 255.111 156.823 255.159 156.279C255.192 156.065 255.161 155.845 255.069 155.649Z" fill="#FFA8A7"></path>
<path d="M254.397 213.662C254.397 214.308 254.275 214.561 255.076 215.15C256.24 215.805 257.612 215.984 258.905 215.649C259.739 215.493 260.489 215.039 261.015 214.373C261.467 213.782 261.879 213.162 262.25 212.516C262.958 211.971 263.74 211.53 264.573 211.208C265.653 210.725 267.731 209.768 268.475 208.009C268.926 207.07 269.008 205.996 268.704 204.999L254.397 213.662Z" fill="#263238"></path>
<path d="M261.333 204.745C259.238 206.112 257.472 209.555 254.609 208.508C254.461 210.193 254.011 212.009 254.412 213.662C255.096 214.392 256.012 214.862 257.005 214.992C257.997 215.122 259.003 214.903 259.852 214.373C260.629 213.711 261.063 212.942 261.815 212.238C262.43 211.712 263.126 211.29 263.876 210.987C264.735 210.576 265.568 210.114 266.371 209.604C271.009 206.185 268.711 199.927 261.333 204.745Z" fill="#37474F"></path>
<path d="M271.363 222.496C271.363 223.199 271.437 223.731 271.87 224.017C273.347 224.431 274.858 224.705 276.386 224.835C277.204 224.925 277.351 224.361 277.956 224.549C279.28 225.189 280.647 225.736 282.046 226.185C284.257 226.722 286.569 226.686 288.762 226.079C291.707 225.22 291.928 223.944 291.871 222.954C291.813 221.964 271.363 222.496 271.363 222.496Z" fill="#263238"></path>
<path d="M271.679 215.952C271.237 217.972 270.796 220.999 271.36 222.496C271.957 223.069 273.929 223.379 275.646 223.584C277.082 223.782 278.478 224.201 279.785 224.827C281.033 225.38 282.352 225.754 283.704 225.94C286.624 226.251 290.141 225.637 291.687 223.486C293.945 219.273 281.871 220.5 280.293 215.69C279.753 213.923 273.88 216.345 271.679 215.952Z" fill="#37474F"></path>
<path d="M253.489 191.208C255.125 174.03 254.266 160.287 255.812 146.455C255.812 146.455 279.943 145.849 280.54 154.046C280.54 154.046 280.908 183.273 280.72 186.88C280.532 190.488 280.769 214.022 280.769 216.606C274.773 219.576 271.501 216.786 271.501 216.786C270.831 210.586 268.229 199.077 269.432 191.608L267.052 176.999C267.052 176.999 262.503 203.175 261.808 209.833C260.033 212.459 255.011 211.846 254.176 210.259C254.176 210.226 252.916 196.263 253.489 191.208Z" fill="#455A64"></path>
<path d="M267.05 176.999L265.553 165.236C265.553 165.236 261.005 164.418 258.371 161.146C259.091 163.78 261.946 166.054 263.754 166.7L265.561 177.964L265.095 188.541L267.05 176.999Z" fill="#37474F"></path>
<path d="M263.395 175.87C263.257 179.03 262.932 182.18 262.422 185.302C261.8 188.77 260.05 207.003 259.641 211.322C259.777 211.282 259.911 211.232 260.041 211.175C260.483 206.553 262.193 188.778 262.806 185.367C263.315 182.231 263.643 179.068 263.788 175.895C264.001 172.467 264.205 169.22 264.426 167.535L264.041 167.485C263.829 169.203 263.624 172.459 263.395 175.87Z" fill="#37474F"></path>
<path d="M277.538 217.76C277.881 209.277 277.153 191.167 277.055 183.764C276.933 174.365 276.622 159.739 275.861 153.661L275.477 153.71C276.229 159.764 276.548 174.373 276.671 183.764C276.761 191.199 277.489 209.441 277.137 217.866L277.538 217.76Z" fill="#37474F"></path>
<path d="M276.238 163.33C278.357 161.187 278.062 156.704 277.874 153.907C277.874 153.678 277.874 153.457 277.833 153.244H278.218C278.218 153.457 278.234 153.678 278.267 153.907C278.463 156.884 278.79 161.743 276.238 163.895V163.33Z" fill="#37474F"></path>
<path d="M277.971 105.154C278.506 105.436 279.008 105.776 279.468 106.168C280.03 106.583 280.679 106.863 281.366 106.986C283.002 107.215 283.567 106.446 284.687 108.009C284.875 108.27 285.137 108.712 285.44 109.252L290.258 106.086C288.828 104.681 287.3 103.38 285.685 102.193C284.712 101.44 281.955 100.557 280.237 100.14C279.525 99.8628 278.755 99.7645 277.996 99.8532C277.014 100.041 275.926 100.14 274.609 100.344C273.547 100.462 272.494 100.659 271.46 100.933C271.296 100.972 271.151 101.067 271.051 101.203C271.019 101.277 271.009 101.358 271.02 101.437C271.032 101.517 271.065 101.591 271.117 101.653C271.224 101.772 271.359 101.865 271.509 101.923C271.786 102.074 272.084 102.184 272.393 102.25C272.281 102.34 272.195 102.458 272.144 102.591C272.092 102.725 272.076 102.869 272.098 103.011C272.188 103.403 272.638 103.559 273.023 103.681C273.068 103.693 273.108 103.719 273.137 103.755C273.158 103.813 273.158 103.877 273.137 103.935C273.131 104.085 273.165 104.233 273.237 104.364C273.309 104.496 273.416 104.605 273.546 104.679C273.812 104.823 274.104 104.912 274.405 104.941C275.583 105.08 276.892 104.745 277.971 105.154Z" fill="#FFA8A7"></path>
<path d="M274.505 104.917H274.455C274.152 104.888 273.857 104.799 273.588 104.655C273.459 104.58 273.352 104.471 273.28 104.34C273.208 104.209 273.173 104.06 273.179 103.911C273.179 103.845 273.179 103.78 273.179 103.731C273.148 103.693 273.105 103.667 273.057 103.657C272.68 103.534 272.239 103.379 272.141 102.986C272.122 102.852 272.136 102.716 272.18 102.588C272.224 102.46 272.297 102.344 272.394 102.25C272.076 102.2 271.768 102.104 271.478 101.964C271.328 101.906 271.193 101.813 271.085 101.694C271.034 101.632 271 101.558 270.989 101.478C270.977 101.399 270.988 101.318 271.02 101.244C271.118 101.107 271.264 101.011 271.429 100.974C272.098 100.779 272.782 100.637 273.474 100.549L274.505 104.917Z" fill="#F28F8F"></path>
<path d="M281.005 101.694C281.062 101.841 280.923 101.98 280.792 102.029C279.582 102.405 278.338 101.767 277.095 102.029C275.851 102.291 276.637 102.945 277.332 103.232C278.027 103.518 278.968 103.436 279.786 103.755C280.288 104.065 280.682 104.522 280.915 105.064C281.144 105.4 281.441 105.686 281.786 105.903C282.13 106.12 282.516 106.263 282.919 106.324C282.489 106.317 282.067 106.214 281.683 106.022C281.299 105.829 280.964 105.552 280.702 105.211C280.391 104.778 280.146 104.279 279.647 104.074C278.616 103.755 277.307 104.001 276.44 103.117C275.753 102.487 276.293 101.751 277.062 101.686C278.33 101.448 279.516 102.185 280.8 101.98C280.931 101.98 281.062 101.866 281.038 101.71L281.005 101.694Z" fill="#F28F8F"></path>
<path d="M270.616 116.082L270.534 122.168L261.953 120.851L262.158 115.453L270.616 116.082Z" fill="#FFA8A7"></path>
<path d="M273.355 105.751C273.985 106.52 275.924 108.859 275.998 109.309L274.452 110.283L273.355 105.751Z" fill="#F28F8F"></path>
<path d="M268.846 99.886C271.3 99.5915 273.091 100.794 273.713 106.569C273.713 106.774 274.138 107.387 274.376 108.156C275.194 110.913 274.801 114.455 274.245 115.322C273.504 115.913 272.65 116.346 271.736 116.593C270.821 116.841 269.865 116.898 268.928 116.761C267.177 116.63 262.686 116.148 260.388 113.808C257.688 111.044 256.298 106.855 258.163 104.655C260.797 101.555 267.488 100.041 268.846 99.886Z" fill="#FFA8A7"></path>
<path d="M274.246 115.338C273.268 116.287 271.968 116.833 270.605 116.868V115.943C271.842 115.923 273.069 115.719 274.246 115.338Z" fill="#F28F8F"></path>
<path d="M269.371 109.26C269.352 109.347 269.308 109.426 269.244 109.488C269.18 109.55 269.099 109.591 269.011 109.607C268.924 109.623 268.833 109.612 268.752 109.577C268.67 109.541 268.601 109.482 268.553 109.407C268.294 109.038 267.995 108.698 267.661 108.393C267.24 108.052 266.706 107.88 266.165 107.911C264.144 108.082 264.668 110.749 265.674 111.665C267.31 113.162 268.128 111.837 268.128 111.837C268.128 111.837 268.414 114.986 266.729 116.516C265.127 116.671 263.511 116.476 261.993 115.943C260.287 114.777 258.789 113.334 257.559 111.673C254.762 107.911 254.5 102.839 257.207 101.628C257.093 100.279 257.854 98.4872 260.602 97.2847C262.668 96.4177 264.944 96.1759 267.146 96.5894C269.142 96.8103 270.77 97.7428 272.52 96.2458C272.737 96.7734 272.827 97.3446 272.781 97.9132C272.736 98.4817 272.557 99.0315 272.259 99.5178C272.543 99.3768 272.871 99.3545 273.172 99.4557C273.473 99.557 273.721 99.7735 273.862 100.058C274.003 100.342 274.025 100.671 273.924 100.971C273.823 101.272 273.606 101.52 273.322 101.661C273.508 101.795 273.646 101.985 273.715 102.203C273.784 102.421 273.781 102.655 273.707 102.872C273.622 103.079 273.481 103.259 273.301 103.392C273.121 103.524 272.907 103.605 272.684 103.624C272.31 103.654 271.935 103.595 271.588 103.452C271.315 104.089 270.855 104.628 270.27 104.997C269.684 105.367 269 105.55 268.308 105.522C268.773 106.013 269.113 106.61 269.298 107.261C269.483 107.911 269.508 108.598 269.371 109.26Z" fill="#263238"></path>
<path d="M272.487 120.835C272.487 120.835 271.244 119.772 270.565 119.264C269.886 118.757 268.749 118.512 265.894 118.013C264.637 117.781 263.355 117.718 262.082 117.825C261.206 118.065 260.361 118.405 259.562 118.839C261.227 119.681 263.008 120.268 264.847 120.581C267.375 120.961 269.939 121.046 272.487 120.835Z" fill="#E0E0E0"></path>
<path d="M264.264 119.354C266.579 119.821 269.647 120.54 272.444 120.827C273.639 120.955 274.844 120.942 276.035 120.786C277.24 121.786 278.199 123.048 278.841 124.475C279.136 125.113 280.477 127.452 280.698 132.704C280.919 137.956 281.009 145.62 281.05 151.739C281.05 155.011 281.05 155.69 280.608 155.943C278.285 157.285 271.61 159.78 263.512 157.964C260.338 157.31 257.443 155.697 255.217 153.342C255.081 153.191 254.977 153.014 254.913 152.821C254.848 152.628 254.823 152.424 254.841 152.222C255.021 149.947 255.659 141.931 255.446 140.091C255.209 137.947 253.32 128.876 253.532 125.318C253.745 121.759 255.168 119.592 257.295 118.921C258.489 118.52 260.755 118.651 264.264 119.354Z" fill="#F5F5F5"></path>
<path d="M259.08 119.199C260.793 119.258 262.496 119.475 264.168 119.845L265.706 120.164C267.907 120.665 270.132 121.053 272.373 121.326C272.916 121.386 273.462 121.416 274.009 121.416C274.627 121.414 275.244 121.378 275.858 121.309C276.92 122.243 277.774 123.392 278.361 124.679L278.451 124.868C278.86 125.686 279.948 127.992 280.177 132.729C280.438 138.201 280.487 146.029 280.52 151.739C280.52 153.776 280.52 155.387 280.332 155.51C276.908 157.26 273.109 158.15 269.264 158.103C267.36 158.103 265.462 157.892 263.604 157.473C260.541 156.838 257.746 155.279 255.596 153.007C255.503 152.908 255.433 152.79 255.389 152.662C255.345 152.534 255.329 152.397 255.342 152.262C255.538 149.866 256.16 141.907 255.947 140.033C255.882 139.412 255.677 138.25 255.424 136.761C254.819 133.203 253.886 127.821 254.033 125.309C254.221 122.152 255.44 120.033 257.461 119.362C257.992 119.212 258.544 119.146 259.097 119.166M259.097 118.667C258.494 118.649 257.893 118.723 257.313 118.888C255.203 119.592 253.755 121.718 253.551 125.285C253.346 128.851 255.228 137.915 255.465 140.058C255.669 141.898 255.039 149.915 254.859 152.189C254.842 152.391 254.866 152.596 254.931 152.788C254.996 152.981 255.099 153.159 255.236 153.309C257.455 155.66 260.341 157.273 263.506 157.931C265.402 158.354 267.338 158.568 269.281 158.569C273.204 158.627 277.082 157.726 280.577 155.943C281.027 155.69 281.035 154.978 281.019 151.739C280.978 145.62 280.929 138.029 280.667 132.704C280.406 127.379 279.105 125.113 278.811 124.475C278.168 123.048 277.209 121.786 276.005 120.786C275.34 120.87 274.671 120.913 274.001 120.917C273.47 120.914 272.941 120.884 272.414 120.827C269.641 120.54 266.573 119.821 264.234 119.354C262.529 118.974 260.793 118.755 259.048 118.7L259.097 118.667Z" fill="#E0E0E0"></path>
<path d="M276.576 121.187C278.637 120.581 279.03 120.843 280.617 120.679C282.809 120.459 289.525 117.211 289.525 117.211C291.512 116.227 293.745 115.846 295.946 116.115C298.539 116.581 299.463 117.301 299.643 118.144C299.889 119.338 299.57 120.958 297.296 122.422C295.496 123.567 285.099 129.571 281.688 130.929C277.746 130.324 275.504 125.236 276.576 121.187Z" fill="#FFA8A7"></path>
<path d="M276.011 120.786C277.54 120.461 279.095 120.274 280.657 120.23C283.111 120.172 289.295 117.129 289.295 117.129L286.179 110.716C286.608 109.537 287.451 108.555 288.551 107.951C290.514 106.765 291.512 107.133 291.512 107.133C291.512 107.133 296.42 111.804 297.835 113.841C299.25 115.878 300.404 117.931 300.003 119.641C299.602 121.35 298.023 122.356 294.792 124.27C291.561 126.185 286.391 129.064 284.796 129.996C283.201 130.929 280.935 131.534 280.706 133.587C279.488 133.906 276.813 131.78 275.986 129.334C274.514 124.908 275.038 121.931 276.011 120.786Z" fill="#E0E0E0"></path>
<path d="M286.456 111.289L285.352 109.268C285.685 108.287 286.366 107.46 287.266 106.945C288.126 106.354 289.107 105.961 290.137 105.792C290.137 105.792 291.585 107.158 291.936 107.542C289.908 107.731 287.536 109.514 286.456 111.289Z" fill="#F0F0F0"></path>
<path d="M167.429 188.999L167.42 292.59L124.238 267.658V164.058L167.429 188.999Z" fill="#021D58"></path>
<path opacity="0.2" d="M167.429 188.999L167.42 292.59L124.238 267.658V164.058L167.429 188.999Z" fill="white"></path>
<path d="M200.657 169.817L167.43 188.999L167.422 292.59L200.657 273.408V169.817Z" fill="#021D58"></path>
<path opacity="0.2" d="M200.657 169.817L167.43 188.999L167.422 292.59L200.657 273.408V169.817Z" fill="black"></path>
<path d="M200.656 169.817L167.429 188.999L124.238 164.058L157.474 144.868L200.656 169.817Z" fill="white"></path>
<path d="M157.474 146.757L197.384 169.817L167.429 187.109L127.511 164.058L157.474 146.757ZM157.474 144.868L124.23 164.058L167.429 188.999L200.656 169.817L157.474 144.868Z" fill="#021D58"></path>
<path d="M145.779 100.614C145.534 101.105 146.507 101.972 146.401 102.512C146.254 103.264 145.673 105.26 144.037 104.81C143.979 104.79 143.915 104.79 143.857 104.81C143.792 104.81 143.751 104.892 143.718 104.949C143.618 105.095 143.484 105.214 143.327 105.296C143.17 105.377 142.995 105.418 142.818 105.416C140.888 105.367 142.679 101.735 143.252 100.974C143.511 100.582 143.877 100.272 144.307 100.082C144.512 100.009 144.731 99.9784 144.948 99.991C145.166 100.004 145.379 100.06 145.575 100.156C145.82 100.27 145.902 100.369 145.779 100.614Z" fill="#9A4A4D"></path>
<path d="M141.288 102.888C141.379 101.133 141.573 99.385 141.868 97.6528C142.212 96.0168 142.965 89.6282 143.3 87.8368C143.734 85.5136 144.331 84.0494 144.691 82.6097C145.1 80.9737 145.599 77.9799 146.327 75.4604C147.292 72.033 148.781 69.4563 150.613 68.3275C152.29 67.2968 153.55 67.3868 154.703 67.1577C155.112 68.2375 154.22 72.213 154.22 72.213C154.22 72.213 152.421 80.2703 152.249 81.26C152.077 82.2498 150.155 87.6323 148.895 91.3133C148.167 93.4237 147.39 95.5423 147.39 95.5423C147.039 96.4568 146.985 97.4583 147.235 98.4053C147.622 99.6299 147.928 100.879 148.151 102.144C148.211 102.929 148.345 103.707 148.552 104.467C148.707 105.015 147.848 105.178 147.21 104.704C146.572 104.229 146.67 103.526 146.327 102.855C145.983 102.184 145.509 100.851 145.075 101.17C144.579 101.845 144.133 102.556 143.742 103.297C143.382 103.779 143.141 104.34 143.038 104.933C142.948 105.448 142.67 105.988 142.016 105.825C140.903 105.571 141.222 103.649 141.288 102.888Z" fill="#B16668"></path>
<path d="M152.867 67.1741C151.779 67.3669 150.752 67.8103 149.866 68.4691C148.98 69.1279 148.26 69.984 147.762 70.9696C146.508 73.8077 145.562 76.7722 144.94 79.8122C144.384 82.6997 143.304 85.44 142.871 88.3848C142.437 91.3296 142.273 93.7264 142.273 93.7264C143.095 94.2274 144.006 94.5636 144.956 94.7162C145.899 94.9417 146.87 95.0162 147.836 94.937C147.836 94.937 150.682 86.9288 151.427 84.7366C152.171 82.5443 152.597 80.4339 153.603 76.5566C154.609 72.6792 155.165 68.1802 154.879 66.9532C154.201 66.9391 153.525 67.0133 152.867 67.1741Z" fill="#37474F"></path>
<path d="M157.237 127.346L157.654 107.272C157.635 107.05 157.571 106.833 157.466 106.636C157.36 106.439 157.215 106.266 157.04 106.127L156.5 105.71C156.436 105.647 156.359 105.6 156.274 105.571C156.189 105.543 156.098 105.535 156.01 105.546L132.059 110.594L133.106 132.68L157.057 127.665C157.118 127.64 157.17 127.595 157.202 127.537C157.235 127.479 157.247 127.412 157.237 127.346Z" fill="#37474F"></path>
<path d="M129.956 130.438L132.663 132.549C133.007 132.819 133.301 132.745 133.309 132.385L133.726 112.311C133.708 112.089 133.644 111.872 133.538 111.675C133.433 111.478 133.288 111.305 133.113 111.166L132.573 110.749C132.221 110.479 131.894 110.536 131.837 110.888L129.383 129.309C129.38 129.53 129.431 129.748 129.531 129.944C129.63 130.141 129.776 130.31 129.956 130.438Z" fill="#263238"></path>
<path d="M139.991 129.776C139.928 129.762 139.871 129.728 139.828 129.68C139.785 129.631 139.759 129.57 139.754 129.506L139.868 119.96C139.868 119.837 139.983 119.763 140.13 119.796C140.196 119.807 140.257 119.839 140.303 119.888C140.349 119.936 140.377 119.999 140.384 120.066L140.269 129.62C140.269 129.735 140.147 129.808 140.007 129.784L139.991 129.776Z" fill="#021D58"></path>
<path d="M150.862 127.608C150.799 127.594 150.742 127.561 150.699 127.512C150.657 127.463 150.631 127.402 150.625 127.338L150.731 117.784C150.735 117.754 150.744 117.726 150.76 117.701C150.776 117.675 150.797 117.654 150.822 117.638C150.848 117.623 150.876 117.613 150.906 117.61C150.935 117.606 150.965 117.61 150.993 117.62C151.132 117.62 151.255 117.776 151.247 117.89L151.14 127.444C151.137 127.474 151.127 127.502 151.111 127.528C151.096 127.553 151.074 127.574 151.049 127.59C151.024 127.605 150.996 127.615 150.966 127.618C150.936 127.622 150.907 127.618 150.879 127.608H150.862Z" fill="#021D58"></path>
<path d="M135.471 122.299C135.246 122.339 135.015 122.332 134.793 122.279C134.571 122.226 134.362 122.129 134.179 121.992C133.996 121.856 133.843 121.684 133.729 121.486C133.615 121.289 133.542 121.07 133.516 120.843L133.736 112.311C133.686 111.862 133.459 111.45 133.107 111.166L132.575 110.749C132.452 110.637 132.291 110.579 132.125 110.585L156.011 105.546C156.099 105.535 156.19 105.543 156.275 105.571C156.36 105.6 156.437 105.647 156.501 105.71L157.041 106.127C157.216 106.266 157.361 106.439 157.467 106.636C157.572 106.833 157.636 107.05 157.655 107.272L157.442 115.722C157.433 116.312 157.213 116.878 156.821 117.318C156.429 117.758 155.891 118.043 155.307 118.119L135.471 122.299Z" fill="#455A64"></path>
<path d="M144.172 119.78L147.011 119.182V120.467L144.164 121.064L144.172 119.78Z" fill="#021D58"></path>
<path d="M142.233 103.534C141.892 103.751 141.592 104.028 141.35 104.352C140.81 105.072 140.695 105.596 140.695 107.035C140.695 108.475 140.695 108.81 140.695 108.81L141.693 108.606C141.614 107.679 141.663 106.746 141.841 105.833C141.957 105.482 142.152 105.163 142.412 104.901C142.671 104.638 142.988 104.439 143.337 104.319C144.679 103.665 146.937 103.281 147.427 104.876C147.636 105.681 147.781 106.502 147.861 107.33L148.875 107.117C148.875 107.117 148.712 105.62 148.704 105.538C148.697 104.82 148.436 104.127 147.967 103.583C146.577 102.274 143.877 102.643 142.348 103.583L142.233 103.534Z" fill="#021D58"></path>
<path d="M143.741 106.201H143.831C143.977 106.212 144.121 106.231 144.265 106.258C144.434 106.29 144.608 106.282 144.773 106.233C144.937 106.185 145.089 106.098 145.214 105.98C145.273 105.907 145.342 105.841 145.418 105.784C145.504 105.74 145.6 105.72 145.696 105.727C146.01 105.75 146.324 105.697 146.612 105.571C146.885 105.353 147.073 105.046 147.144 104.704L147.267 104.311C147.295 104.241 147.311 104.166 147.316 104.091C147.304 103.951 147.253 103.818 147.169 103.706C147.06 103.492 146.922 103.294 146.76 103.117C146.596 102.941 146.376 102.828 146.138 102.798C146.041 102.788 145.944 102.808 145.86 102.855C145.817 102.879 145.783 102.916 145.761 102.959C145.739 103.003 145.731 103.052 145.737 103.101C145.476 102.995 145.2 102.929 144.919 102.904C144.775 102.885 144.628 102.905 144.494 102.962C144.427 102.993 144.371 103.044 144.336 103.109C144.301 103.174 144.287 103.248 144.297 103.322C144.297 103.215 143.79 103.223 143.708 103.256C142.89 103.551 142.072 105.007 141.852 105.8C142.015 105.929 142.19 106.041 142.375 106.136C142.623 106.28 142.906 106.354 143.193 106.348C143.381 106.34 143.561 106.234 143.741 106.201Z" fill="#B16668"></path>
<path d="M146.167 162.847C146.031 161.362 146.227 159.864 146.74 158.463C147.581 155.943 148.629 153.497 149.873 151.15C151.37 148.213 153.292 144.819 153.292 144.819L145.93 141.375C145.93 141.375 142.806 151.003 142.511 151.682C142.223 152.575 141.598 153.321 140.769 153.76C140 154.365 142.405 155.895 142.47 159.142C142.536 162.389 142.699 164.467 144.278 164.982C145.857 165.498 148.499 164.582 146.167 162.847Z" fill="#B16668"></path>
<path d="M143.607 167.15C142.561 166.615 141.553 166.011 140.588 165.342C139.606 164.704 139.361 164.222 139.304 163.486C139.247 162.749 140.015 160.328 139.836 158.815C139.656 157.301 141.741 156.688 142.568 158.643C143.394 160.598 143.607 167.15 143.607 167.15Z" fill="black"></path>
<path d="M141.849 152.77C142.462 152.77 143.656 153.776 144.065 154.823C144.475 156.016 144.642 157.278 144.556 158.537C144.556 160.287 144.679 162.291 145.235 163.158C145.554 163.649 146.012 163.715 146.626 163.739C146.428 163.467 146.274 163.166 146.168 162.847C146.731 163.047 147.308 163.209 147.894 163.33C149.881 163.772 150.25 164.713 149.849 165.621C149.521 166.324 145.521 168.271 143.607 167.15C142.732 166.643 142.192 166.079 142.552 163.216C142.912 160.353 142.233 157.653 140.654 158.897C139.565 159.791 138.545 160.767 137.603 161.817C137.334 161.843 137.064 161.79 136.825 161.663C136.587 161.537 136.391 161.342 136.262 161.105C136.262 161.105 137.08 159.731 137.767 158.209C138.454 156.688 138.429 156.467 139.002 155.289C139.877 153.49 141.243 152.762 141.849 152.77Z" fill="#455A64"></path>
<path d="M175.781 168.713C173.842 167.829 173.327 166.569 173.327 164.41C173.327 160.418 174.186 152.402 174.186 152.402H166.227C166.227 152.402 167.445 160.181 167.454 160.925C167.52 161.917 167.337 162.91 166.922 163.813C166.423 164.631 168.836 164.868 170.022 167.903C171.208 170.937 172.026 172.197 173.679 172.115C175.331 172.034 180.288 169.792 175.781 168.713Z" fill="#B16668"></path>
<path d="M173.008 173.162C173.008 173.162 172.419 173.98 169.908 172.516C167.397 171.052 167.004 170.488 167.004 170.488C167.004 170.488 168.345 165.269 169.818 166.807C171.29 168.344 173.008 173.162 173.008 173.162Z" fill="black"></path>
<path d="M167.217 163.166C168.052 163.161 168.87 163.406 169.565 163.87C170.645 164.549 171.34 165.948 171.929 167.044C172.125 167.448 172.352 167.836 172.608 168.205C172.928 168.633 173.331 168.992 173.794 169.259C174.256 169.526 174.768 169.696 175.299 169.76C175.602 169.8 176.698 169.907 176.886 169.588C177.074 169.269 176.15 168.77 175.782 168.713C176.706 168.917 177.09 168.958 177.614 169.048C179.487 169.367 179.733 170.471 179.692 171.502C179.634 172.279 176.084 173.809 173.867 173.629C172.027 173.473 171.61 173.293 170.849 171.878C170.088 170.463 169.328 168.672 168.51 170.504C168.165 171.672 167.97 172.878 167.929 174.095C167.687 174.214 167.416 174.259 167.148 174.226C166.881 174.192 166.629 174.081 166.424 173.907C166.469 173.302 166.469 172.695 166.424 172.091C166.424 170.455 165.278 168.393 165.606 166.422C165.714 165.173 166.289 164.01 167.217 163.166Z" fill="#455A64"></path>
<path d="M148.763 154.299C148.763 154.299 155.249 144.312 158.579 138.34C161.033 133.923 161.237 133.072 161.801 130.16L163.307 122.545L165.458 134.97C165 136.808 164.704 138.683 164.574 140.573C164.643 143.633 164.949 146.682 165.491 149.694C166.554 156.238 167.004 159.559 167.004 159.559C168.213 159.986 169.494 160.173 170.775 160.107C171.839 160.051 172.887 159.818 173.875 159.42C173.875 159.42 175.118 144.745 175.29 140.721C175.503 135.886 175.568 133.988 175.683 131.33C175.855 127.101 176.337 120.974 176.043 113.219C175.446 97.8083 171.781 90.7981 171.781 90.7981L153.916 88.6794C152.525 93.8983 149.466 94.5609 149.262 101.661C149.212 103.297 150.137 106.463 150.21 108.958C150.439 117.072 151.396 129.8 151.396 129.8C149.474 131.592 148.067 133.211 146.783 137.326C146.006 139.829 143.56 147.788 142.832 150.021C145.605 150.757 148.763 154.299 148.763 154.299Z" fill="#021D58"></path>
<path opacity="0.4" d="M148.763 154.299C148.763 154.299 155.249 144.312 158.579 138.34C161.033 133.923 161.237 133.072 161.801 130.16L163.307 122.545L165.458 134.97C165 136.808 164.704 138.683 164.574 140.573C164.643 143.633 164.949 146.682 165.491 149.694C166.554 156.238 167.004 159.559 167.004 159.559C168.213 159.986 169.494 160.173 170.775 160.107C171.839 160.051 172.887 159.818 173.875 159.42C173.875 159.42 175.118 144.745 175.29 140.721C175.503 135.886 175.568 133.988 175.683 131.33C175.855 127.101 176.337 120.974 176.043 113.219C175.446 97.8083 171.781 90.7981 171.781 90.7981L153.916 88.6794C152.525 93.8983 149.466 94.5609 149.262 101.661C149.212 103.297 150.137 106.463 150.21 108.958C150.439 117.072 151.396 129.8 151.396 129.8C149.474 131.592 148.067 133.211 146.783 137.326C146.006 139.829 143.56 147.788 142.832 150.021C145.605 150.757 148.763 154.299 148.763 154.299Z" fill="white"></path>
<g opacity="0.6">
<path d="M173.765 100.311L173.307 100.45C174.738 105.17 174.198 108.483 171.81 109.841C171.311 106.651 170.64 103.354 169.724 99.8287L169.266 99.9433C172.202 111.297 172.685 120.271 172.538 131.027C172.407 139.248 172.112 153.391 171.973 159.952L172.456 159.87C172.595 153.269 172.889 139.224 173.012 131.035C173.234 124.107 172.864 117.173 171.908 110.307C174.624 108.925 175.302 105.375 173.765 100.311Z" fill="#021D58"></path>
<path d="M158.692 109.547C158.604 116.824 158.03 124.088 156.974 131.289C156.385 134.324 148.794 147.813 146.34 152.091C146.471 152.189 146.593 152.295 146.716 152.402C149.113 148.189 156.786 134.545 157.399 131.379C158.463 124.146 159.04 116.849 159.125 109.538L158.692 109.547Z" fill="#021D58"></path>
</g>
<path opacity="0.6" d="M163.274 122.586L161.148 109.612C161.148 109.612 156.125 109.007 155.356 104.426C155.245 105.783 155.594 107.138 156.349 108.272C157.103 109.406 158.217 110.253 159.512 110.675L162.203 122.651L161.745 130.201L163.274 122.586Z" fill="#021D58"></path>
<path d="M191.255 69.53C193.447 67.7795 190.437 64.2948 187.86 60.941C183.77 55.5095 180.098 51.624 178.044 50.0616C176.439 49.0779 174.681 48.3701 172.842 47.9676C172.088 47.675 171.274 47.5684 170.47 47.6567C169.423 47.8612 168.269 47.9676 166.879 48.1884C165.749 48.312 164.63 48.5226 163.533 48.8183C163.361 48.8524 163.208 48.9521 163.108 49.0964C163.072 49.1734 163.059 49.2591 163.071 49.3433C163.082 49.4274 163.118 49.5064 163.173 49.5708C163.287 49.7009 163.43 49.8019 163.59 49.8653C163.899 50.0114 164.227 50.1132 164.564 50.168C164.446 50.2662 164.355 50.3928 164.299 50.5358C164.243 50.6789 164.224 50.8338 164.245 50.986C164.343 51.395 164.826 51.5586 165.226 51.6895C165.278 51.7014 165.324 51.7302 165.357 51.7713C165.378 51.8323 165.378 51.8984 165.357 51.9594C165.338 52.1236 165.37 52.2896 165.447 52.4356C165.525 52.5816 165.644 52.7008 165.791 52.7774C166.07 52.932 166.38 53.0241 166.699 53.0473C167.901 53.2191 169.292 52.8592 170.437 53.2927C171.003 53.5944 171.535 53.9565 172.024 54.3725C172.622 54.8164 173.313 55.1185 174.044 55.2559C175.803 55.4932 175.869 54.7161 177.063 56.3684C178.257 58.0208 182.543 66.937 182.543 66.937L191.255 69.53Z" fill="#B16668"></path>
<path d="M173.703 49.579C173.752 49.7262 173.613 49.8816 173.474 49.9307C172.189 50.3315 170.832 49.6526 169.547 49.9307C168.263 50.2088 169.065 50.9123 169.801 51.2068C170.537 51.5012 171.543 51.4195 172.378 51.7548C172.91 52.0842 173.327 52.5699 173.572 53.1454C173.816 53.5008 174.131 53.8019 174.497 54.0299C174.863 54.2579 175.272 54.4079 175.699 54.4706C175.096 54.4427 174.511 54.2626 173.997 53.9471C173.536 53.5624 173.146 53.1001 172.844 52.581C172.671 52.3723 172.453 52.2056 172.207 52.0936C171.96 51.9817 171.691 51.9273 171.421 51.9348C170.487 51.9719 169.57 51.6826 168.827 51.1168C167.74 49.9552 169.441 49.3826 170.406 49.5626C171.371 49.7425 172.419 50.0779 173.449 49.9061C173.58 49.9061 173.719 49.7753 173.703 49.6198V49.579Z" fill="#9A4A4D"></path>
<path d="M168.507 50.0125C168.706 49.5879 168.792 49.1186 168.754 48.651C168.717 48.1834 168.558 47.7335 168.294 47.3458C167.812 46.5278 166.961 45.7998 164.761 45.1209C162.143 44.3029 155.411 44.6219 152.932 49.5135C152.581 50.217 161.251 61.2109 161.39 63.7876C162.748 61.7181 167.165 54.5115 167.165 54.5115C168.376 53.6935 169.08 53.1046 169.137 51.8121C169.125 51.1604 168.904 50.5297 168.507 50.0125Z" fill="#37474F"></path>
<path d="M168.117 53.6281C168.117 53.6281 170.408 56.2048 170.26 56.4747C169.905 56.8749 169.516 57.2443 169.099 57.579L168.117 53.6281Z" fill="#9A4A4D"></path>
<path d="M164.958 48.7528C166.242 49.0964 167.412 49.8244 168.287 52.3684C168.5 53.031 168.14 54.0616 168.549 54.9205C170.283 58.6179 169.645 62.078 169.015 62.9288C168.59 63.5095 165.964 64.2048 164.491 64.0658C162.651 63.894 158.536 62.8633 156.23 60.4584C153.514 57.6199 152.23 53.3827 154.291 51.215C157.195 48.1639 163.6 48.3847 164.958 48.7528Z" fill="#B16668"></path>
<path d="M157.408 62.5034V67.0024C156.402 67.4769 157.408 69.1047 158.152 69.9309L158.218 71.3215L165.179 70.9697L165.097 62.937L157.408 62.5034Z" fill="#B16668"></path>
<path d="M168.893 63.0514C167.759 63.7601 166.442 64.1212 165.105 64.0902V63.1087C165.723 63.2317 166.349 63.3001 166.979 63.3132C167.626 63.3252 168.272 63.2369 168.893 63.0514Z" fill="#9A4A4D"></path>
<path d="M166.97 49.8244C167.118 50.3798 167.07 50.9691 166.835 51.4934C166.599 52.0178 166.191 52.4451 165.678 52.7037C166.08 53.2706 166.312 53.9401 166.348 54.6342C166.396 55.0416 166.327 55.4541 166.149 55.8235C165.97 56.1928 165.691 56.5039 165.342 56.7201C164.86 56.9901 164.663 56.7937 164.41 56.4175C164.042 55.8858 163.551 55.0596 162.34 55.4522C160.95 55.9103 160.794 57.5954 161.882 58.8469C162.132 59.1085 162.44 59.3083 162.781 59.4304C163.121 59.5525 163.486 59.5936 163.845 59.5504C164.029 59.5137 164.202 59.4386 164.354 59.33C164.507 59.2215 164.634 59.0819 164.729 58.9205C164.733 58.9996 164.733 59.0787 164.729 59.1578C164.68 61.0719 164.729 62.9287 162.806 63.7222C161.17 64.4093 158.659 64.4502 157.154 63.4114C155.209 62.0479 153.603 60.257 152.459 58.1762C151.525 56.5927 151.054 54.7788 151.101 52.941C151.166 51.7561 151.582 50.6172 152.295 49.669C152.594 49.2182 153.004 48.852 153.485 48.6055C153.966 48.3591 154.503 48.2408 155.044 48.262C155.274 48.2989 155.509 48.2989 155.739 48.262C155.902 48.2129 156.05 48.1311 156.213 48.082C156.602 47.9662 156.999 47.876 157.399 47.8121C158.074 47.6664 158.763 47.5978 159.453 47.6076C165.759 47.8121 166.872 49.5299 166.97 49.8244Z" fill="#37474F"></path>
<path d="M152.293 47.583L152.44 47.5094C152.804 47.3777 153.197 47.3466 153.577 47.4194C154.012 47.4966 154.425 47.6647 154.791 47.9128C155.156 48.161 155.464 48.4834 155.696 48.8591C156.072 49.4644 156.514 50.7078 155.9 51.3131C155.287 51.9184 154.649 51.534 154.134 51.2477C153.433 50.9395 152.789 50.5165 152.228 49.9961C152.005 49.7919 151.836 49.5356 151.736 49.2501C151.636 48.9646 151.608 48.6589 151.655 48.3601C151.703 48.1939 151.784 48.0393 151.894 47.9056C152.003 47.772 152.139 47.6622 152.293 47.583Z" fill="#021D58"></path>
<path d="M151.327 70.397C151.571 69.5663 152.024 68.8119 152.643 68.2062C153.261 67.6004 154.025 67.1634 154.861 66.9369L157.388 67.0023C157.388 67.5177 158.108 68.213 159.27 68.5074C160.767 68.8919 163.065 68.9737 164.644 67.9757L165.127 67.6404C166.529 67.7921 167.922 68.0242 169.298 68.3357C171.842 69.2027 172.497 70.0453 175.319 76.7447C176.521 79.5995 175.924 82.6261 172.971 84.3603C172.799 86.1517 172.636 88.982 172.636 88.982C173.512 92.3864 174.205 95.8351 174.714 99.3133C174.714 99.3133 172.211 102.266 161.225 101.996C152.709 101.792 149.266 98.9943 149.266 98.9943C150.174 93.8164 152.889 91.1988 152.145 86.1353C151.531 81.9308 149.478 76.2539 151.327 70.397Z" fill="#455A64"></path>
<path d="M173.285 78.6507C173.285 78.6507 183.011 74.4953 187.265 72.3685C191.518 70.2417 191.846 70.0127 192.173 68.0249C192.5 66.0372 189.956 63.256 188.353 61.121C186.749 58.986 183.109 54.7161 183.109 54.7161C182.09 54.6833 181.081 54.9263 180.189 55.4195C179.681 55.7239 179.244 56.1331 178.907 56.6197C178.57 57.1064 178.341 57.6593 178.234 58.2416L181.768 65.6036C181.768 65.6036 176.5 67.3542 175.175 67.6323C174.241 67.7972 173.29 67.8466 172.344 67.7795C171.117 67.8204 169.457 68.2376 168.893 68.2049C168.893 68.2212 164.982 74.7816 173.285 78.6507Z" fill="#37474F"></path>
<path d="M181.768 65.62C184.222 64.802 186.97 64.4175 188.827 65.4891C187.592 63.346 184.066 64.0903 181.465 64.9411L181.768 65.62Z" fill="#263238"></path>
<path d="M150.667 48.5483C150.347 48.6824 150.04 48.8468 149.751 49.0391C149.339 49.3044 148.97 49.6297 148.655 50.0043C147.796 51.1915 147.356 52.63 147.403 54.0943C147.459 55.5568 147.421 57.0213 147.289 58.4788C147.068 59.9185 146.471 61.2927 146.348 62.7406C146.242 63.9984 146.494 65.2604 147.076 66.3807C147.608 67.4114 148.409 68.2866 148.884 69.3418C149.169 69.8505 149.298 70.4318 149.256 71.0135C149.214 71.5951 149.002 72.1516 148.646 72.6138C148.556 72.712 148.442 72.8347 148.483 72.9656C148.524 73.0965 148.573 73.0883 148.63 73.1292C149.273 73.6065 150.028 73.9097 150.822 74.0094C151.616 74.1091 152.423 74.002 153.163 73.6983C153.904 73.3946 154.553 72.9048 155.049 72.2763C155.545 71.6477 155.869 70.9018 155.992 70.1108C156.229 68.5811 155.689 67.0433 155.485 65.4972C155.303 64.1628 155.373 62.8062 155.689 61.4972C156.125 60.0123 156.399 58.4847 156.507 56.941C156.549 55.3459 156.359 53.7533 155.943 52.2129C155.509 50.626 154.814 48.6219 152.99 48.2456C152.203 48.1149 151.394 48.2202 150.667 48.5483Z" fill="#37474F"></path>
<path d="M73.6618 288.435C72.5448 288.646 71.5293 289.221 70.7743 290.071C69.7191 291.404 67.3959 295.404 66.9297 295.854C67.1936 296.288 67.5514 296.657 67.9767 296.934L69.2201 295.519C69.5309 295.265 69.6618 294.987 69.6454 295.813C69.6291 296.64 69.5146 297.499 69.5309 298.734C69.4403 299.585 69.5265 300.446 69.7841 301.262C70.0417 302.079 70.4651 302.833 71.0279 303.478C72.1525 304.867 73.7109 305.838 75.4532 306.235C76.1485 306.333 77.3755 306.169 77.3019 304.779C77.3019 304.043 76.9256 301.621 76.8029 300.272C76.6802 298.922 73.6618 288.435 73.6618 288.435Z" fill="#263238"></path>
<path d="M71.9292 296.116C71.8917 297.177 72.1056 298.232 72.5534 299.194C73.0012 300.156 73.6702 300.999 74.5059 301.654C75.8229 302.75 76.8045 302.513 76.8127 301.253C76.8127 299.241 76.5591 295.527 78.8658 291.764C80.642 289.317 82.5537 286.971 84.5918 284.738V284.803C87.1358 281.842 90.0561 278.431 92.7064 275.069L92.8046 274.946L92.87 274.864C95.3916 271.826 97.6236 268.559 99.5367 265.106L99.7494 264.697V264.656C100.4 263.511 100.762 262.225 100.805 260.909L94.3097 261.032L89.4017 257.76C88.4837 260.444 87.3314 263.041 85.9579 265.523C84.7309 267.805 80.7636 272.28 78.3832 278.357C77.3142 281.215 76.0825 284.009 74.694 286.725C74.3341 287.306 73.5979 288.558 73.3689 288.852C71.9865 290.545 71.6429 291.781 71.9292 296.116Z" fill="#FFBDA7"></path>
<path d="M89.5553 261.097L100.836 260.885C100.844 261.016 100.844 261.147 100.836 261.277C100.836 261.326 100.836 261.376 100.836 261.425C100.836 261.474 100.836 261.605 100.836 261.695C100.836 261.785 100.836 261.825 100.836 261.899L100.786 262.136C100.786 262.218 100.746 262.3 100.721 262.382C100.706 262.456 100.687 262.53 100.664 262.603V262.668C100.664 262.668 97.8171 264.623 92.541 265.523C92.541 265.523 92.3692 273.94 90.9786 277.335L89.4081 279.233C89.0809 274.202 89.5553 261.097 89.5553 261.097Z" fill="#F0997A"></path>
<path d="M81.6509 297.449C80.8154 298.315 80.2768 299.423 80.1131 300.615C79.9576 302.431 80.1785 307.413 80.0312 308.092C80.4839 308.336 80.9895 308.465 81.5037 308.468L81.7818 306.464C81.9045 306.055 81.8554 305.719 82.2971 306.464C82.7388 307.208 83.1151 308.1 83.7859 309.171C84.1547 309.967 84.6835 310.679 85.3393 311.261C85.9951 311.844 86.7639 312.285 87.5978 312.558C89.2922 313.156 91.1459 313.121 92.8166 312.46C93.0471 312.379 93.2557 312.247 93.4258 312.072C93.596 311.897 93.723 311.684 93.7968 311.452C93.8707 311.219 93.8893 310.973 93.8512 310.731C93.8131 310.49 93.7193 310.262 93.5773 310.063C93.1356 309.425 91.5405 307.421 90.7062 306.276C89.8718 305.13 81.6509 297.449 81.6509 297.449Z" fill="#263238"></path>
<path d="M87.8232 297.392C87.7087 292.623 92.1913 270.848 90.9888 260.582L78.1953 260.427C78.8847 263.384 79.328 266.394 79.5205 269.425C79.725 272.206 78.8334 278.578 80.134 285.458C80.7951 288.709 81.2784 291.994 81.5818 295.298C81.5818 296.034 81.6555 297.597 81.5818 298.006C81.3773 300.353 81.7373 301.695 84.3221 305.425C84.8385 306.38 85.577 307.196 86.4754 307.806C87.3738 308.415 88.4056 308.799 89.4837 308.926C91.1852 309.147 91.8805 308.353 91.2097 307.208C90.1627 305.343 87.9377 302.153 87.8232 297.392Z" fill="#FFBDA7"></path>
<path d="M79.5181 269.498C79.5181 270.578 79.5181 271.658 79.4199 272.77C79.3217 273.883 79.3217 274.93 79.289 276.042C79.2288 278.21 79.3081 280.38 79.5262 282.537C79.6326 283.617 79.8125 284.689 80.0089 285.752L80.5978 288.934C80.786 289.989 80.9659 291.053 81.1377 292.116C81.3095 293.179 81.4731 294.251 81.5794 295.323C81.4446 293.165 81.1989 291.017 80.8432 288.885C80.5324 286.742 80.0252 284.639 79.8534 282.496C79.7226 281.433 79.6571 280.353 79.5999 279.282C79.5426 278.21 79.5508 277.13 79.5426 276.05C79.5344 274.971 79.5426 273.891 79.5835 272.778C79.6244 271.666 79.6162 270.578 79.5181 269.498Z" fill="#F0997A"></path>
<path d="M91.1688 266.308C91.2409 264.398 91.1808 262.484 90.9888 260.582L78.1953 260.427C78.5462 261.845 78.8193 263.281 79.0133 264.729C82.8422 266.366 87.0489 266.912 91.1688 266.308Z" fill="#F0997A"></path>
<path d="M100.617 239.813C100.328 236.874 99.8665 233.954 99.2343 231.069C98.7189 228.86 98.2445 226.979 97.9091 225.253C94.1872 227.707 84.952 227.96 80.7311 225.171C78.9702 227.627 77.4629 230.255 76.2321 233.016C74.7466 236.108 74.047 239.519 74.1953 242.946C74.2607 246.872 76.0194 258.414 77.6145 263.355C81.9336 265.744 97.0829 265.196 101.337 260.901C101.369 260.877 101.124 243.879 100.617 239.813Z" fill="#455A64"></path>
<path d="M135.278 225.294C134.861 225.04 134.722 225.089 134.722 225.089C134.804 224.795 134.517 224.058 133.487 223.944C133.487 223.944 133.855 223.24 132.301 222.864C130.754 222.584 129.169 222.603 127.63 222.921C127.237 222.962 126.812 222.782 127.27 222.512C127.9 222.23 128.475 221.839 128.971 221.359C129.092 221.2 129.176 221.015 129.217 220.819C129.24 220.624 129.2 220.426 129.102 220.255C128.898 219.879 128.284 220.14 127.883 220.255C126.411 220.811 124.963 220.909 123.679 221.891C123.222 222.301 122.652 222.563 122.043 222.643C117.571 222.086 113.143 221.217 108.791 220.042C105.258 216.77 103.114 213.343 100.562 210.226C98.3945 207.576 96.4231 207.142 94.7871 206.954L94.6562 217.67C94.6562 217.67 99.7442 222.701 102.542 225.555C103.728 226.774 104.906 227.265 107.605 227.56C112.055 228.034 115.679 228.018 120.072 228.222C121.536 228.237 122.989 228.489 124.374 228.966C124.95 229.174 125.565 229.249 126.174 229.187C127.671 228.991 128.693 228.508 129.986 228.304C131.008 228.118 132.047 228.038 133.086 228.067C133.961 228.009 134.288 227.739 134.337 227.249C134.387 226.758 133.307 226.643 133.307 226.643C133.834 226.665 134.361 226.59 134.861 226.422C135.417 226.12 135.687 225.547 135.278 225.294Z" fill="#FFBDA7"></path>
<path d="M131.645 228.124C132.043 228.104 132.441 228.104 132.839 228.124C133.379 228.124 133.968 228.189 134.287 227.666C134.366 227.538 134.409 227.391 134.41 227.241C134.397 227.163 134.366 227.09 134.319 227.027C134.272 226.965 134.21 226.914 134.14 226.881C134.038 226.824 133.931 226.778 133.821 226.742C134.017 226.742 134.221 226.693 134.393 226.668C134.741 226.641 135.066 226.483 135.301 226.226C135.43 226.097 135.516 225.932 135.547 225.752C135.558 225.65 135.54 225.546 135.493 225.455C135.447 225.363 135.374 225.287 135.285 225.237C135.134 225.153 134.975 225.084 134.81 225.032C134.82 224.936 134.811 224.838 134.783 224.746C134.755 224.653 134.709 224.567 134.647 224.492C134.531 224.34 134.387 224.212 134.221 224.116C134.019 224.005 133.796 223.938 133.567 223.92C133.583 223.791 133.562 223.661 133.505 223.545C133.449 223.428 133.359 223.331 133.248 223.265C133.029 223.114 132.789 222.996 132.536 222.913C131.919 222.734 131.281 222.635 130.639 222.619C129.603 222.647 128.571 222.762 127.555 222.962C128.575 222.803 129.606 222.721 130.639 222.717C131.271 222.735 131.898 222.837 132.504 223.02C132.744 223.099 132.97 223.215 133.174 223.363C133.275 223.418 133.355 223.505 133.401 223.61C133.447 223.715 133.456 223.833 133.428 223.944C133.36 224.072 133.256 224.177 133.13 224.248C133.004 224.319 132.861 224.353 132.716 224.345C132.536 224.345 131.628 224.345 131.448 224.345C130.62 224.389 129.798 224.515 128.994 224.721C129.822 224.559 130.662 224.474 131.506 224.468H132.757C132.918 224.477 133.079 224.443 133.223 224.37C133.367 224.297 133.488 224.186 133.575 224.05C133.792 224.067 134.002 224.134 134.189 224.247C134.339 224.327 134.468 224.442 134.565 224.582C134.616 224.643 134.654 224.713 134.677 224.789C134.699 224.865 134.706 224.945 134.696 225.024C134.696 225.212 134.459 225.326 134.254 225.384C134.037 225.435 133.814 225.457 133.592 225.449C133.137 225.416 132.68 225.416 132.225 225.449C131.77 225.479 131.317 225.534 130.868 225.613L129.526 225.883L130.876 225.654C131.323 225.584 131.773 225.543 132.225 225.531C132.681 225.516 133.137 225.53 133.592 225.572C133.824 225.592 134.059 225.576 134.287 225.523C134.491 225.482 134.673 225.365 134.794 225.196C134.949 225.245 135.1 225.308 135.244 225.384C135.538 225.515 135.448 225.899 135.244 226.12C135.034 226.356 134.741 226.502 134.426 226.529C134.115 226.57 133.747 226.594 133.379 226.619C132.741 226.684 132.602 226.684 131.964 226.791C131.326 226.897 130.704 227.012 130.082 227.175C130.712 227.036 131.342 226.954 131.98 226.873C132.444 226.81 132.911 226.772 133.379 226.758C133.638 226.791 133.89 226.868 134.123 226.987C134.238 227.052 134.336 227.142 134.336 227.249C134.339 227.376 134.305 227.501 134.238 227.609C133.968 228.067 133.42 228.042 132.896 228.026C132.491 228.022 132.087 228.046 131.686 228.1C131.138 228.149 130.589 228.214 130.05 228.312C130.549 228.222 131.097 228.149 131.645 228.124Z" fill="#F0997A"></path>
<path d="M123.555 226.071C124.724 226.562 126.344 225.621 127.187 224.68C126.459 226.071 125.191 227.003 123.555 226.071Z" fill="#F0997A"></path>
<path d="M94.6729 206.758C98.9837 207.388 100.006 208.966 102.084 211.666C104.162 214.365 108.702 219.682 108.702 219.682L113.74 221.236C112.855 222.095 112.262 223.212 112.047 224.427C111.918 225.645 111.998 226.876 112.284 228.067C110.167 228.067 108.051 227.922 105.953 227.633C104.265 227.29 102.744 226.381 101.642 225.056L94.4766 217.694L94.6729 206.758Z" fill="#E0E0E0"></path>
<path d="M93.9819 202.651C94.2294 202.931 94.3636 203.292 94.3582 203.666C95.1484 203.313 95.7973 202.705 96.2007 201.94C96.6042 201.175 96.7389 200.296 96.5832 199.445C96.3132 198.103 95.3398 196.991 94.7999 195.772C94.2458 194.51 94.1278 193.1 94.4646 191.764C94.7918 190.537 95.5116 189.203 94.8817 187.944C93.802 185.801 91.2498 184.672 89.0085 184.165C87.5701 183.899 86.0951 183.899 84.6567 184.165C82.0473 184.647 78.8653 186.52 78.399 189.351C78.0293 189.526 77.6762 189.734 77.3438 189.972C77.033 190.316 76.7588 190.692 76.5258 191.093C76.0951 191.991 75.8371 192.962 75.7651 193.956C75.6125 195.315 75.6125 196.687 75.7651 198.046C75.8808 198.732 75.9274 199.428 75.9041 200.124C75.8305 200.942 75.5033 201.76 75.4788 202.578C75.397 204.925 77.6056 206.267 79.7569 206.079C79.374 205.729 79.0915 205.282 78.9389 204.786C79.2075 205.189 79.5807 205.512 80.0187 205.719C80.4531 205.947 80.919 206.11 81.4011 206.201C83.1543 206.687 84.9752 206.884 86.7917 206.782C88.474 206.606 90.1127 206.139 91.6343 205.4C92.2136 205.15 92.745 204.801 93.2048 204.369C93.4445 204.151 93.6371 203.886 93.7707 203.59C93.9043 203.295 93.9762 202.976 93.9819 202.651Z" fill="#263238"></path>
<path d="M91.3423 206.357C91.3423 206.357 84.7246 206.357 82.3443 207.109L78.0089 208.467C77.1909 209.433 75.6939 213.138 75.4403 216.86C75.3095 218.676 77.8943 223.936 77.9516 226.038C78.017 227.838 76.3156 231.093 75.2031 233.866C80.1111 241.228 97.6654 239.821 99.8495 233.122C99.3837 230.833 99.0477 228.52 98.8433 226.193C98.694 224.326 98.694 222.449 98.8433 220.582C98.8433 220.582 101.052 218.545 100.913 215.838C100.782 213.384 99.7104 211.748 97.3218 209.073C96.51 208.223 95.6229 207.448 94.6715 206.758C94.6715 206.758 92.4302 206.463 91.3423 206.357Z" fill="#FAFAFA"></path>
<path d="M91.3106 206.954C92.2432 207.044 93.9446 207.265 94.4518 207.33C95.332 207.973 96.1533 208.693 96.9058 209.482C99.188 212.026 100.227 213.572 100.35 215.895C100.472 218.218 98.4845 220.165 98.4681 220.189L98.2964 220.345V220.574V220.762C98.1733 222.593 98.1924 224.431 98.3536 226.259C98.5471 228.558 98.8749 230.845 99.3352 233.106C98.2309 236.091 93.2657 238.243 87.4251 238.243C82.2145 238.243 77.9527 236.607 75.9241 233.817C76.1858 233.171 76.4803 232.492 76.7421 231.83C77.7073 229.605 78.6235 227.494 78.5744 226.046C78.3327 224.442 77.8959 222.874 77.2738 221.376C76.6766 219.674 75.9977 217.744 76.0549 216.926C76.2559 214.139 77.0597 211.429 78.4108 208.983L82.5662 207.682C84.7176 207.011 90.8526 206.954 91.3188 206.954M91.3188 206.382C91.3188 206.382 84.7012 206.382 82.3208 207.134L77.9854 208.492C77.1674 209.457 75.6705 213.163 75.4169 216.885C75.286 218.701 77.8709 223.96 77.9282 226.063C77.9936 227.862 76.2922 231.118 75.1797 233.891C77.4455 237.286 82.419 238.799 87.327 238.799C93.053 238.799 98.6481 236.738 99.826 233.13C99.3602 230.842 99.0243 228.528 98.8199 226.202C98.6706 224.334 98.6706 222.458 98.8199 220.59C98.8199 220.59 101.028 218.553 100.889 215.846C100.759 213.392 99.687 211.756 97.2984 209.081C96.4866 208.231 95.5995 207.456 94.6481 206.766C94.6481 206.766 92.4231 206.472 91.3188 206.365V206.382Z" fill="#E0E0E0"></path>
<path opacity="0.2" d="M92.1315 221.629C91.5182 222.382 90.6772 222.916 89.7348 223.15C88.6965 223.428 87.6093 223.47 86.5528 223.273C85.84 223.142 85.1602 222.872 84.5523 222.477C83.9444 222.083 83.4206 221.572 83.0108 220.975C83.0108 220.917 82.9127 220.86 82.8472 220.876C82.7818 220.893 82.7818 221.007 82.7982 221.081C83.0202 221.895 83.4888 222.621 84.1397 223.159C84.9032 223.713 85.8075 224.042 86.7491 224.107C87.932 224.264 89.1353 224.112 90.242 223.666C90.6819 223.508 91.0795 223.25 91.4035 222.913C91.7536 222.571 92.0171 222.15 92.1724 221.686C92.1724 221.686 92.1642 221.604 92.1315 221.629Z" fill="black"></path>
<path d="M82.8261 205.612C82.6952 203.371 82.4744 201.154 82.4744 201.154C82.2862 201.629 80.8875 202.586 79.2515 201.514C78.6311 201.09 78.1867 200.453 78.0015 199.725C77.8163 198.996 77.903 198.225 78.2453 197.555C78.9733 196.312 80.4294 196.181 81.5746 197.506C81.64 197.58 82.0408 197.416 82.1063 197.375C82.2488 197.286 82.3602 197.154 82.4253 196.999C82.4932 196.805 82.5129 196.597 82.4826 196.394C82.4532 196.166 82.3955 195.944 82.3108 195.731C83.9241 194.868 85.3724 193.727 86.5889 192.361C88.1595 190.488 88.8139 187.854 88.6994 187.559C89.411 187.689 90.1017 187.914 90.7525 188.23C91.4939 188.674 92.1191 189.288 92.5767 190.021C92.8943 190.805 93.0875 191.633 93.1493 192.475C93.272 192.991 93.6973 193.997 93.8119 194.553C94.5808 198.43 94.4744 200.345 93.2802 201.702C92.4937 202.506 91.4754 203.044 90.3681 203.24C90.3681 203.24 90.3681 203.715 90.499 204.925C90.5562 205.743 90.6135 206.308 91.317 206.34C92.2086 207.044 93.2883 209.711 89.321 210.095C85.3537 210.48 82.458 209.146 81.5664 207.338C81.9484 207.25 82.2857 207.026 82.517 206.71C82.7482 206.393 82.8579 206.003 82.8261 205.612Z" fill="#FFBDA7"></path>
<path d="M90.3695 203.257C87.6373 203.747 85.306 203.257 83.7109 201.686C84.0702 202.477 84.6835 203.125 85.4533 203.527C87.0198 204.217 88.7531 204.439 90.4431 204.165L90.3695 203.257Z" fill="#F0997A"></path>
<path d="M90.3654 198.97L87.576 198.635C87.5435 198.814 87.5482 198.998 87.5899 199.175C87.6316 199.352 87.7094 199.519 87.8184 199.665C87.9274 199.811 88.0652 199.933 88.2234 200.023C88.3815 200.113 88.5566 200.17 88.7376 200.189C89.1132 200.232 89.4911 200.13 89.7938 199.903C90.0965 199.677 90.301 199.343 90.3654 198.97Z" fill="#B16668"></path>
<path d="M89.3463 200.132C89.1507 200.192 88.9446 200.212 88.741 200.189C88.4913 200.161 88.255 200.061 88.0594 199.904C87.8639 199.746 87.7173 199.536 87.6367 199.298C87.9731 199.241 88.3187 199.291 88.6253 199.441C88.9318 199.59 89.1839 199.832 89.3463 200.132Z" fill="#FFA8A7"></path>
<path d="M88.3633 192.696L89.5903 197.678L91.8316 196.336L88.3633 192.696Z" fill="#F0997A"></path>
<path d="M92.239 193.4C92.2485 193.534 92.2179 193.668 92.1511 193.785C92.0843 193.901 91.9843 193.996 91.8639 194.055C91.7434 194.115 91.6079 194.138 91.4745 194.121C91.3411 194.103 91.2159 194.047 91.1147 193.958C91.0134 193.87 90.9408 193.753 90.906 193.623C90.8711 193.493 90.8757 193.356 90.919 193.229C90.9623 193.101 91.0425 192.99 91.1494 192.908C91.2562 192.826 91.3849 192.778 91.5192 192.77C91.608 192.763 91.6972 192.774 91.7816 192.802C91.8661 192.831 91.9441 192.875 92.0111 192.934C92.0781 192.993 92.1328 193.064 92.1719 193.144C92.211 193.224 92.2338 193.311 92.239 193.4Z" fill="#263238"></path>
<path d="M87.1136 194.553C87.1203 194.641 87.1092 194.73 87.0809 194.814C87.0526 194.898 87.0078 194.976 86.9491 195.042C86.8904 195.108 86.8189 195.162 86.739 195.201C86.6591 195.239 86.5723 195.261 86.4838 195.265C86.3515 195.273 86.2198 195.241 86.1054 195.174C85.991 195.107 85.899 195.008 85.841 194.889C85.783 194.769 85.7617 194.636 85.7796 194.504C85.7976 194.373 85.8541 194.25 85.9419 194.151C86.0298 194.051 86.1451 193.98 86.2732 193.947C86.4014 193.913 86.5367 193.918 86.6621 193.961C86.7875 194.004 86.8973 194.083 86.9776 194.189C87.058 194.294 87.1053 194.421 87.1136 194.553Z" fill="#263238"></path>
<path d="M92.289 191.78L90.4648 191.412C90.4825 191.293 90.5242 191.178 90.5875 191.075C90.6508 190.972 90.7343 190.883 90.8329 190.814C90.9316 190.744 91.0434 190.695 91.1615 190.67C91.2796 190.645 91.4016 190.644 91.5201 190.668C91.7674 190.717 91.9858 190.861 92.1293 191.069C92.2727 191.276 92.33 191.531 92.289 191.78Z" fill="#263238"></path>
<path d="M84.323 193.866L85.8281 192.745C85.7596 192.644 85.671 192.557 85.5678 192.491C85.4646 192.424 85.3489 192.38 85.2278 192.36C85.1068 192.34 84.9829 192.345 84.8639 192.375C84.7449 192.404 84.6332 192.458 84.5357 192.533C84.3347 192.684 84.2002 192.908 84.1606 193.156C84.1209 193.405 84.1791 193.659 84.323 193.866Z" fill="#263238"></path>
<path d="M110.259 239.437C109.825 239.135 109.34 238.916 108.827 238.791C108.827 238.791 109.907 238.946 109.981 238.496C110.054 238.046 109.817 237.678 108.991 237.4C107.987 237.137 107.012 236.775 106.079 236.32C105.678 236.132 105.31 235.887 104.925 235.674C104.506 235.476 104.104 235.243 103.723 234.979C103.649 234.921 103.576 234.848 103.592 234.766C103.641 234.521 104.606 234.602 104.795 234.586C105.262 234.568 105.718 234.433 106.12 234.193C106.287 234.089 106.427 233.946 106.529 233.776C106.617 233.599 106.643 233.397 106.602 233.204C106.537 232.778 105.842 232.819 105.449 232.827C103.87 232.876 102.471 232.492 100.934 232.983C100.373 233.219 99.7549 233.281 99.1585 233.163C96.3282 231.944 88.3364 226.774 86.5531 225.433C86.5531 225.433 83.7392 217.972 82.3486 214.177C81.1707 210.962 79.2647 209.269 78.0214 208.909C71.9027 211.527 74.8394 219.543 79.4202 229.195C80.14 230.733 80.6144 231.486 83.0766 232.647C87.1666 234.553 91.4039 236.116 95.4939 237.76C96.652 238.194 97.7512 238.771 98.7659 239.478C101.131 241.11 103.911 242.037 106.782 242.153C108.418 242.226 108.271 241.531 108.271 241.531C108.42 241.578 108.578 241.594 108.733 241.578C108.889 241.562 109.04 241.514 109.176 241.437C109.313 241.36 109.432 241.257 109.527 241.132C109.621 241.007 109.69 240.865 109.727 240.713C109.924 240.711 110.121 240.697 110.316 240.672C110.799 240.492 110.692 239.879 110.259 239.437Z" fill="#FFBDA7"></path>
<path d="M104.442 237.588C105.773 238.316 107.253 238.727 108.769 238.791C107.297 238.463 105.873 238.038 104.442 237.588ZM103.305 239.036C105.267 240.144 107.489 240.709 109.742 240.672C107.529 240.438 105.361 239.887 103.305 239.036ZM108.286 241.49C106.587 241.347 104.913 240.987 103.305 240.418C104.823 241.262 106.553 241.649 108.286 241.531V241.49Z" fill="#F0997A"></path>
<path d="M78.0522 208.467C75.2955 209.49 73.4469 212.156 74.5512 217.081C75.6555 222.005 78.4694 227.936 78.9929 229.114C79.6353 230.733 80.8861 232.037 82.4776 232.746C83.9909 233.318 85.6514 233.809 85.6514 233.809C85.478 232.448 85.7415 231.067 86.404 229.866C86.763 229.28 87.2388 228.775 87.8017 228.381C88.3646 227.986 89.0026 227.713 89.676 227.576L86.7066 225.433C86.7066 225.433 84.8743 220.222 83.9336 217.662C82.9929 215.101 81.3569 209.563 78.0522 208.467Z" fill="#E0E0E0"></path>
<path d="M140.752 170.913C140.803 170.745 140.814 170.567 140.784 170.394C140.754 170.22 140.684 170.056 140.58 169.915C140.322 169.611 139.962 169.411 139.567 169.354C139.173 169.297 138.771 169.386 138.437 169.604C138.093 169.788 137.835 170.099 137.717 170.471L95.0339 317.18C94.9822 317.348 94.9708 317.526 95.0006 317.699C95.0305 317.872 95.1007 318.036 95.2057 318.178C95.4678 318.478 95.8284 318.675 96.2226 318.733C96.6168 318.792 97.019 318.708 97.357 318.497C97.6965 318.309 97.9513 317.999 98.0687 317.629L140.752 170.913Z" fill="#37474F"></path>
<path d="M138.436 169.604C138.093 169.788 137.834 170.099 137.717 170.471C137.666 170.639 137.655 170.817 137.684 170.991C137.714 171.164 137.784 171.328 137.888 171.469C138.152 171.768 138.513 171.963 138.907 172.02C139.301 172.077 139.703 171.992 140.04 171.78C140.379 171.593 140.634 171.282 140.751 170.913C140.802 170.745 140.814 170.567 140.784 170.394C140.754 170.22 140.684 170.056 140.58 169.915C140.322 169.611 139.961 169.411 139.567 169.354C139.172 169.297 138.77 169.386 138.436 169.604Z" fill="#455A64"></path>
<path d="M151.036 192.23C151.157 192.284 151.29 192.308 151.422 192.3C151.555 192.291 151.683 192.25 151.797 192.181C152.113 192.021 152.387 191.79 152.598 191.506C152.81 191.222 152.953 190.893 153.016 190.545C153.04 190.425 153.028 190.3 152.981 190.186C152.935 190.073 152.856 189.976 152.754 189.907L137.531 181.113C137.41 181.059 137.277 181.035 137.144 181.044C137.012 181.052 136.883 181.093 136.77 181.163C136.455 181.323 136.181 181.555 135.97 181.838C135.759 182.122 135.615 182.451 135.551 182.799C135.527 182.919 135.539 183.044 135.586 183.157C135.632 183.271 135.711 183.368 135.813 183.437C135.928 183.453 150.93 192.124 151.036 192.23Z" fill="#455A64"></path>
<path d="M153.012 190.488C153.036 190.367 153.024 190.243 152.978 190.129C152.931 190.015 152.852 189.918 152.75 189.85C152.629 189.795 152.496 189.772 152.364 189.78C152.231 189.789 152.103 189.829 151.989 189.899C151.674 190.059 151.401 190.29 151.191 190.574C150.981 190.858 150.84 191.187 150.779 191.535C150.754 191.654 150.764 191.778 150.81 191.892C150.855 192.005 150.932 192.103 151.032 192.173C151.154 192.227 151.286 192.251 151.419 192.242C151.551 192.234 151.68 192.193 151.793 192.124C152.109 191.964 152.383 191.733 152.595 191.449C152.806 191.165 152.949 190.836 153.012 190.488Z" fill="#37474F"></path>
<path d="M147.481 204.426C147.603 204.481 147.735 204.505 147.868 204.496C148 204.487 148.129 204.447 148.242 204.377C148.557 204.217 148.831 203.986 149.041 203.702C149.251 203.418 149.392 203.089 149.453 202.741C149.478 202.622 149.467 202.498 149.422 202.384C149.377 202.271 149.299 202.173 149.199 202.103L133.968 193.31C133.847 193.256 133.714 193.232 133.582 193.24C133.449 193.249 133.321 193.29 133.207 193.359C132.893 193.519 132.62 193.751 132.409 194.034C132.199 194.318 132.058 194.647 131.997 194.995C131.972 195.115 131.984 195.24 132.031 195.354C132.077 195.467 132.157 195.564 132.258 195.633L147.481 204.426Z" fill="#455A64"></path>
<path d="M149.456 202.733C149.481 202.614 149.471 202.489 149.426 202.376C149.38 202.262 149.303 202.165 149.203 202.095C149.081 202.041 148.949 202.017 148.816 202.026C148.684 202.034 148.555 202.075 148.442 202.144C148.126 202.304 147.852 202.535 147.64 202.819C147.429 203.103 147.286 203.432 147.223 203.78C147.199 203.901 147.211 204.025 147.257 204.139C147.304 204.252 147.383 204.35 147.485 204.418C147.606 204.472 147.739 204.496 147.871 204.488C148.004 204.479 148.132 204.438 148.246 204.369C148.561 204.209 148.834 203.978 149.044 203.694C149.254 203.41 149.395 203.081 149.456 202.733Z" fill="#37474F"></path>
<path d="M143.966 216.672C144.088 216.726 144.22 216.75 144.353 216.741C144.485 216.733 144.614 216.692 144.727 216.623C145.043 216.463 145.317 216.232 145.529 215.948C145.74 215.664 145.883 215.335 145.946 214.987C145.97 214.867 145.958 214.742 145.912 214.628C145.865 214.515 145.786 214.417 145.684 214.349L130.461 205.555C130.34 205.501 130.207 205.477 130.075 205.486C129.942 205.494 129.814 205.535 129.7 205.604C129.385 205.764 129.112 205.995 128.902 206.279C128.692 206.563 128.551 206.892 128.49 207.24C128.465 207.36 128.475 207.484 128.521 207.598C128.566 207.711 128.643 207.809 128.743 207.878C128.817 207.936 143.819 216.607 143.966 216.672Z" fill="#455A64"></path>
<path d="M145.906 214.97C145.93 214.85 145.918 214.725 145.871 214.612C145.825 214.498 145.746 214.401 145.644 214.332C145.523 214.278 145.39 214.254 145.257 214.263C145.125 214.271 144.996 214.312 144.883 214.382C144.569 214.543 144.297 214.775 144.087 215.058C143.877 215.342 143.735 215.67 143.672 216.018C143.648 216.137 143.66 216.261 143.705 216.374C143.75 216.487 143.827 216.585 143.926 216.656C144.047 216.71 144.18 216.734 144.313 216.725C144.445 216.716 144.574 216.676 144.687 216.606C145.003 216.446 145.277 216.216 145.488 215.932C145.7 215.648 145.843 215.319 145.906 214.97Z" fill="#37474F"></path>
<path d="M140.376 228.909C140.497 228.963 140.63 228.987 140.762 228.979C140.895 228.97 141.023 228.929 141.137 228.86C141.452 228.7 141.725 228.469 141.935 228.185C142.145 227.901 142.286 227.572 142.347 227.224C142.372 227.105 142.362 226.98 142.317 226.867C142.271 226.753 142.194 226.656 142.094 226.586L126.871 217.784C126.749 217.73 126.617 217.706 126.484 217.715C126.352 217.723 126.223 217.764 126.11 217.833C125.793 217.992 125.518 218.223 125.307 218.507C125.095 218.791 124.953 219.121 124.891 219.469C124.867 219.59 124.879 219.715 124.925 219.828C124.972 219.942 125.051 220.039 125.153 220.107L140.376 228.909Z" fill="#455A64"></path>
<path d="M142.332 227.216C142.357 227.096 142.346 226.972 142.301 226.859C142.256 226.745 142.179 226.647 142.078 226.578C141.957 226.524 141.824 226.5 141.692 226.508C141.559 226.517 141.431 226.558 141.318 226.627C141.003 226.787 140.729 227.018 140.519 227.302C140.309 227.586 140.168 227.915 140.107 228.263C140.082 228.382 140.093 228.507 140.138 228.62C140.183 228.734 140.26 228.831 140.361 228.901C140.482 228.955 140.614 228.979 140.747 228.97C140.88 228.962 141.008 228.921 141.121 228.852C141.436 228.692 141.71 228.461 141.92 228.177C142.13 227.893 142.271 227.564 142.332 227.216Z" fill="#37474F"></path>
<path d="M136.825 241.155C136.946 241.209 137.079 241.233 137.212 241.224C137.344 241.216 137.473 241.175 137.586 241.106C137.9 240.944 138.172 240.713 138.382 240.429C138.592 240.145 138.734 239.817 138.797 239.47C138.821 239.35 138.809 239.226 138.764 239.113C138.719 239 138.642 238.902 138.543 238.831L123.312 230.022C123.191 229.967 123.058 229.944 122.925 229.952C122.793 229.961 122.664 230.001 122.551 230.071C122.236 230.231 121.963 230.462 121.753 230.746C121.542 231.03 121.401 231.359 121.34 231.707C121.316 231.826 121.328 231.95 121.373 232.063C121.418 232.177 121.495 232.274 121.594 232.345C121.709 232.418 136.711 241.089 136.825 241.155Z" fill="#455A64"></path>
<path d="M138.796 239.453C138.82 239.334 138.809 239.21 138.764 239.097C138.719 238.983 138.642 238.886 138.543 238.815C138.421 238.761 138.289 238.737 138.156 238.746C138.024 238.754 137.895 238.795 137.782 238.864C137.466 239.024 137.192 239.255 136.98 239.539C136.769 239.823 136.626 240.152 136.563 240.5C136.539 240.62 136.551 240.745 136.597 240.859C136.644 240.972 136.723 241.07 136.825 241.138C136.946 241.192 137.079 241.216 137.211 241.208C137.344 241.199 137.472 241.158 137.586 241.089C137.899 240.928 138.172 240.696 138.382 240.412C138.592 240.129 138.733 239.8 138.796 239.453Z" fill="#37474F"></path>
<path d="M133.266 253.392C133.388 253.446 133.52 253.47 133.653 253.461C133.785 253.453 133.914 253.412 134.027 253.343C134.343 253.183 134.617 252.952 134.829 252.668C135.04 252.384 135.183 252.055 135.246 251.707C135.27 251.587 135.258 251.462 135.212 251.348C135.165 251.235 135.086 251.137 134.984 251.069L119.761 242.275C119.64 242.221 119.507 242.197 119.375 242.206C119.242 242.214 119.114 242.255 119.001 242.324C118.685 242.485 118.411 242.716 118.2 243C117.988 243.284 117.845 243.612 117.782 243.96C117.758 244.081 117.769 244.205 117.816 244.319C117.863 244.433 117.942 244.53 118.044 244.598L133.266 253.392Z" fill="#455A64"></path>
<path d="M135.246 251.691C135.27 251.571 135.258 251.448 135.211 251.336C135.165 251.224 135.086 251.128 134.985 251.061C134.863 251.007 134.731 250.983 134.598 250.991C134.466 251 134.337 251.04 134.224 251.11C133.909 251.27 133.635 251.501 133.425 251.785C133.215 252.069 133.074 252.398 133.013 252.746C132.988 252.865 132.999 252.99 133.044 253.103C133.089 253.216 133.167 253.314 133.267 253.384C133.388 253.438 133.521 253.462 133.653 253.453C133.786 253.445 133.914 253.404 134.028 253.335C134.344 253.174 134.619 252.942 134.831 252.656C135.042 252.371 135.185 252.04 135.246 251.691Z" fill="#37474F"></path>
<path d="M129.716 265.637C129.837 265.692 129.97 265.715 130.102 265.707C130.235 265.698 130.363 265.658 130.476 265.588C130.791 265.428 131.065 265.197 131.275 264.913C131.485 264.629 131.626 264.3 131.687 263.952C131.712 263.833 131.701 263.709 131.656 263.595C131.611 263.482 131.534 263.384 131.434 263.314L116.202 254.521C116.082 254.468 115.951 254.445 115.82 254.453C115.689 254.462 115.562 254.502 115.45 254.57C115.134 254.73 114.86 254.961 114.648 255.245C114.437 255.528 114.294 255.857 114.231 256.206C114.207 256.326 114.219 256.451 114.265 256.564C114.312 256.678 114.391 256.775 114.493 256.844L129.716 265.637Z" fill="#455A64"></path>
<path d="M131.698 263.936C131.724 263.816 131.713 263.692 131.668 263.579C131.623 263.465 131.545 263.367 131.445 263.298C131.324 263.244 131.191 263.22 131.058 263.228C130.926 263.237 130.797 263.278 130.684 263.347C130.368 263.507 130.094 263.738 129.883 264.022C129.671 264.306 129.528 264.635 129.465 264.983C129.441 265.103 129.453 265.228 129.5 265.341C129.546 265.455 129.625 265.552 129.727 265.621C129.848 265.675 129.981 265.699 130.114 265.69C130.246 265.682 130.375 265.641 130.488 265.572C130.803 265.412 131.076 265.181 131.286 264.897C131.497 264.613 131.638 264.284 131.698 263.936Z" fill="#37474F"></path>
<path d="M126.162 277.875C126.283 277.929 126.416 277.953 126.548 277.944C126.681 277.936 126.809 277.895 126.922 277.826C127.238 277.666 127.513 277.435 127.724 277.151C127.935 276.867 128.078 276.538 128.141 276.19C128.165 276.07 128.153 275.947 128.106 275.835C128.059 275.723 127.981 275.627 127.879 275.56L112.656 266.75C112.539 266.688 112.409 266.656 112.276 266.656C112.144 266.656 112.013 266.688 111.896 266.75C111.582 266.911 111.309 267.142 111.099 267.426C110.889 267.71 110.747 268.038 110.685 268.386C110.66 268.505 110.671 268.63 110.716 268.743C110.761 268.856 110.838 268.954 110.939 269.024L126.162 277.875Z" fill="#455A64"></path>
<path d="M128.136 276.173C128.16 276.054 128.147 275.931 128.101 275.819C128.054 275.706 127.975 275.611 127.874 275.543C127.753 275.489 127.62 275.465 127.488 275.474C127.355 275.482 127.227 275.523 127.114 275.592C126.799 275.753 126.526 275.984 126.316 276.268C126.106 276.552 125.964 276.881 125.903 277.228C125.879 277.348 125.89 277.472 125.935 277.585C125.98 277.698 126.057 277.796 126.157 277.866C126.278 277.921 126.41 277.945 126.543 277.936C126.676 277.927 126.804 277.887 126.917 277.817C127.234 277.657 127.509 277.424 127.721 277.139C127.932 276.854 128.074 276.523 128.136 276.173Z" fill="#37474F"></path>
<path d="M122.607 290.12C122.728 290.174 122.861 290.198 122.993 290.189C123.126 290.181 123.254 290.14 123.367 290.071C123.682 289.911 123.956 289.68 124.166 289.396C124.376 289.112 124.517 288.783 124.578 288.435C124.603 288.315 124.593 288.191 124.547 288.078C124.502 287.964 124.425 287.866 124.325 287.797L109.102 279.003C108.98 278.949 108.848 278.925 108.715 278.934C108.583 278.942 108.454 278.983 108.341 279.052C108.025 279.212 107.751 279.443 107.539 279.727C107.328 280.011 107.185 280.34 107.122 280.688C107.097 280.808 107.109 280.931 107.156 281.044C107.202 281.156 107.282 281.252 107.384 281.318L122.607 290.12Z" fill="#455A64"></path>
<path d="M124.582 288.419C124.607 288.299 124.596 288.175 124.551 288.062C124.506 287.948 124.429 287.85 124.328 287.781C124.207 287.726 124.074 287.703 123.942 287.711C123.809 287.72 123.681 287.76 123.568 287.83C123.253 287.99 122.979 288.221 122.769 288.505C122.559 288.789 122.418 289.118 122.357 289.466C122.332 289.585 122.343 289.709 122.388 289.823C122.433 289.936 122.51 290.034 122.611 290.104C122.732 290.158 122.864 290.182 122.997 290.173C123.13 290.165 123.258 290.124 123.371 290.055C123.686 289.895 123.96 289.664 124.17 289.38C124.38 289.096 124.521 288.767 124.582 288.419Z" fill="#37474F"></path>
<path d="M119.057 302.357C119.178 302.412 119.311 302.435 119.443 302.427C119.576 302.418 119.704 302.378 119.817 302.308C120.131 302.147 120.404 301.915 120.614 301.632C120.824 301.348 120.965 301.02 121.028 300.672C121.05 300.554 121.038 300.432 120.993 300.32C120.949 300.209 120.873 300.112 120.775 300.042L105.519 291.208C105.398 291.153 105.266 291.127 105.133 291.134C105.001 291.142 104.872 291.181 104.758 291.249C104.444 291.41 104.171 291.641 103.961 291.925C103.751 292.209 103.61 292.537 103.547 292.885C103.523 293.004 103.535 293.128 103.58 293.242C103.625 293.355 103.702 293.453 103.801 293.523L119.057 302.357Z" fill="#455A64"></path>
<path d="M121.062 300.656C121.084 300.538 121.072 300.415 121.027 300.304C120.982 300.192 120.906 300.096 120.808 300.026C120.687 299.972 120.554 299.948 120.422 299.957C120.289 299.965 120.161 300.006 120.047 300.075C119.731 300.234 119.456 300.465 119.244 300.749C119.033 301.033 118.89 301.362 118.829 301.711C118.804 301.831 118.816 301.956 118.863 302.07C118.91 302.183 118.989 302.281 119.09 302.349C119.212 302.403 119.344 302.427 119.477 302.419C119.609 302.41 119.738 302.369 119.851 302.3C120.166 302.138 120.439 301.905 120.649 301.62C120.859 301.335 121 301.005 121.062 300.656Z" fill="#37474F"></path>
<path d="M115.497 314.603C115.619 314.657 115.751 314.681 115.884 314.672C116.016 314.664 116.145 314.623 116.258 314.554C116.573 314.393 116.848 314.162 117.059 313.878C117.27 313.595 117.413 313.266 117.477 312.918C117.501 312.797 117.489 312.673 117.443 312.559C117.396 312.445 117.317 312.348 117.215 312.28L101.992 303.478C101.871 303.424 101.738 303.4 101.606 303.408C101.473 303.417 101.345 303.458 101.231 303.527C100.916 303.688 100.643 303.919 100.431 304.203C100.22 304.487 100.077 304.815 100.013 305.163C99.9879 305.282 99.9997 305.406 100.046 305.518C100.093 305.631 100.173 305.726 100.274 305.793L115.497 314.603Z" fill="#455A64"></path>
<path d="M117.481 312.901C117.505 312.781 117.493 312.656 117.446 312.543C117.4 312.429 117.321 312.332 117.219 312.263C117.098 312.209 116.965 312.185 116.833 312.194C116.7 312.202 116.572 312.243 116.458 312.312C116.143 312.472 115.87 312.703 115.66 312.987C115.45 313.271 115.308 313.6 115.248 313.948C115.223 314.068 115.233 314.192 115.278 314.306C115.323 314.419 115.401 314.517 115.501 314.586C115.622 314.641 115.755 314.664 115.888 314.656C116.02 314.647 116.149 314.607 116.262 314.537C116.577 314.377 116.851 314.146 117.063 313.862C117.274 313.578 117.417 313.249 117.481 312.901Z" fill="#37474F"></path>
<path d="M157.368 179.755C157.419 179.587 157.43 179.409 157.401 179.236C157.371 179.063 157.301 178.899 157.196 178.758C156.938 178.453 156.578 178.254 156.184 178.197C155.789 178.14 155.387 178.228 155.053 178.447C154.71 178.631 154.451 178.942 154.333 179.314L111.65 326.03C111.599 326.199 111.588 326.376 111.618 326.55C111.648 326.723 111.718 326.887 111.822 327.028C112.086 327.326 112.447 327.52 112.841 327.577C113.235 327.634 113.636 327.55 113.973 327.339C114.313 327.152 114.568 326.841 114.685 326.472C114.742 326.267 157.311 179.96 157.368 179.755Z" fill="#37474F"></path>
<path d="M155.051 178.447C154.707 178.631 154.449 178.942 154.331 179.314C154.279 179.482 154.268 179.66 154.297 179.833C154.327 180.007 154.398 180.171 154.503 180.312C154.765 180.612 155.125 180.809 155.519 180.867C155.914 180.926 156.316 180.842 156.654 180.631C156.994 180.44 157.248 180.127 157.366 179.755C157.417 179.587 157.428 179.409 157.398 179.236C157.368 179.063 157.298 178.899 157.194 178.758C156.936 178.453 156.576 178.254 156.181 178.197C155.786 178.14 155.384 178.228 155.051 178.447Z" fill="#455A64"></path>
<path d="M180.385 331.527C180.522 329.996 180.318 328.454 179.788 327.012C178.922 324.413 177.842 321.89 176.557 319.47C175.011 316.435 173.023 312.926 173.023 312.926L180.59 309.376C180.59 309.376 182.848 317.613 183.109 318.333C183.309 319.198 183.758 319.986 184.402 320.599C185.22 321.229 183.216 322.652 183.183 325.997C183.15 329.343 183.919 333.196 182.291 333.728C180.664 334.259 177.972 333.319 180.385 331.527Z" fill="#FFA8A7"></path>
<path d="M183.02 335.977C184.096 335.417 185.137 334.792 186.136 334.104C186.508 333.933 186.828 333.665 187.061 333.329C187.294 332.992 187.432 332.598 187.461 332.19C187.519 331.478 186.717 328.918 186.913 327.38C187.11 325.842 184.942 325.18 184.091 327.2C183.24 329.22 183.02 335.977 183.02 335.977Z" fill="black"></path>
<path d="M183.919 320.132C183.397 320.272 182.913 320.529 182.506 320.885C182.099 321.241 181.779 321.686 181.572 322.185C181.015 323.601 181.4 324.918 181.613 326.594C181.825 328.271 181.915 330.963 181.343 331.854C181.015 332.353 180.525 332.427 179.903 332.451C180.111 332.17 180.274 331.858 180.386 331.527C179.8 331.735 179.202 331.904 178.594 332.034C176.549 332.484 176.14 333.449 176.574 334.39C176.917 335.118 181.04 337.13 183.02 335.977C183.919 335.453 184.476 334.864 184.108 331.887C183.739 328.909 184.435 326.161 186.063 327.429C187.191 328.352 188.247 329.361 189.22 330.447C189.496 330.474 189.774 330.419 190.02 330.29C190.266 330.161 190.468 329.962 190.602 329.719C190.602 329.719 189.784 328.288 189.048 326.725C188.451 325.206 187.754 323.728 186.962 322.3C185.899 320.558 184.541 320.116 183.919 320.132Z" fill="#455A64"></path>
<path d="M150.373 339.47C151.125 338.873 151.747 337.016 152.066 334.799C152.384 332.085 152.477 329.349 152.344 326.619C152.238 323.224 151.927 319.208 151.927 319.208H160.279C160.279 319.208 158.823 327.625 158.757 328.394C158.569 329.26 158.64 330.162 158.962 330.987C159.412 331.895 157.023 332.345 155.567 335.355C154.111 338.366 153.17 342.186 151.477 341.981C149.784 341.777 147.428 340.083 150.373 339.47Z" fill="#FFA8A7"></path>
<path d="M151.852 343.936C151.852 343.936 152.4 344.803 155.124 343.519C157.848 342.235 158.518 340.82 158.518 340.82C158.518 340.82 157.545 335.347 155.909 336.82C154.273 338.292 151.852 343.936 151.852 343.936Z" fill="black"></path>
<path d="M158.609 329.989C158.037 329.719 156.572 330.406 155.73 331.2C154.625 332.255 154.413 333.605 153.897 335.216C153.382 336.828 152.311 339.306 151.443 339.862C151.201 339.989 150.929 340.048 150.656 340.035C150.383 340.022 150.119 339.937 149.889 339.789C150.073 339.711 150.247 339.609 150.405 339.486C149.824 339.437 149.047 339.249 148.548 339.184C146.666 338.946 145.423 339.813 145.398 340.82C145.398 341.638 148.67 344.304 150.969 344.288C152.875 344.288 153.538 344.566 154.454 341.736C155.37 338.905 155.697 337.318 156.621 339.175C157.546 341.032 158.102 345.261 158.102 345.261C158.34 345.405 158.616 345.475 158.894 345.462C159.172 345.448 159.44 345.353 159.664 345.188C159.664 345.188 159.623 342.472 159.787 340.754C159.951 339.036 160.72 336.296 160.507 334.21C160.294 332.124 159.174 330.243 158.609 329.989Z" fill="#455A64"></path>
<path d="M177.169 321.245C177.169 321.245 171.639 312.149 168.089 304.885C166.953 302.593 166.094 300.173 165.529 297.678C165.161 295.756 163.713 290.464 163.713 290.464L162.077 301.621C162.515 303.377 162.699 305.187 162.625 306.995C162.504 310.612 162.049 314.21 161.267 317.744C159.934 324.582 159.149 327.224 159.149 327.224C158.363 327.704 157.45 327.935 156.531 327.887C153.373 328.026 152.155 326.546 152.155 326.546C152.155 326.546 151.018 313.515 150.731 310.521C149.758 300.304 149.692 295.977 149.913 284.059C150.11 273.899 151.214 261.678 151.214 261.678L173.799 256.263C173.799 256.263 177.954 263.527 177.537 270.643C177.079 278.365 176.826 295.404 176.826 295.404C178.053 297.4 179.14 299.437 180.294 304.329C180.965 307.2 182.282 313.4 183.206 317.948C181.999 317.92 180.806 318.209 179.746 318.788C178.686 319.367 177.798 320.214 177.169 321.245Z" fill="#37474F"></path>
<path d="M163.715 290.439L166.586 274.553C166.586 274.553 169.678 274.194 173.752 270.619C173.752 270.619 173.482 273.4 168.067 275.789L165.343 290.554L165.531 297.654L163.715 290.439Z" fill="#263238"></path>
<path d="M155.19 260.705C152.891 269.204 151.844 290.652 152.106 302.521C152.278 310.439 153.006 320.942 153.513 327.437C153.693 327.502 153.889 327.568 154.102 327.625C153.594 321.155 152.85 310.504 152.67 302.504C152.408 290.529 153.488 268.786 155.819 260.557L155.19 260.705Z" fill="#263238"></path>
<path d="M170.461 302.987C169.341 299.633 166.658 290.979 166.069 283.069L165.496 283.11C166.101 291.085 168.768 299.797 169.921 303.167C171.32 307.339 176.081 316.181 178.167 319.961L178.592 319.56C176.482 315.748 171.836 307.077 170.461 302.987Z" fill="#263238"></path>
<path d="M159.184 227.183L160.231 234.52L168.427 232.794L166.938 224.827L159.184 227.183Z" fill="#FFA8A7"></path>
<path d="M155.168 219.666C154.761 219.586 154.387 219.387 154.093 219.094C153.799 218.801 153.599 218.428 153.517 218.021C153.436 217.614 153.477 217.192 153.636 216.809C153.795 216.426 154.064 216.098 154.409 215.868C154.754 215.638 155.16 215.516 155.575 215.516C155.99 215.517 156.395 215.641 156.739 215.873C157.084 216.104 157.351 216.433 157.509 216.817C157.666 217.201 157.705 217.623 157.622 218.03C157.51 218.57 157.189 219.044 156.73 219.35C156.271 219.656 155.71 219.769 155.168 219.666ZM155.872 215.927C155.54 215.865 155.196 215.903 154.885 216.036C154.575 216.169 154.31 216.391 154.125 216.674C153.941 216.957 153.844 217.289 153.848 217.627C153.852 217.965 153.956 218.294 154.147 218.573C154.338 218.852 154.607 219.068 154.921 219.194C155.235 219.32 155.579 219.35 155.91 219.281C156.24 219.211 156.543 219.045 156.78 218.803C157.016 218.562 157.176 218.255 157.238 217.923C157.312 217.481 157.211 217.028 156.956 216.66C156.701 216.291 156.312 216.037 155.872 215.952V215.927Z" fill="#263238"></path>
<path d="M154.891 218.267C154.891 218.267 153.043 220.369 153.255 220.639C153.59 220.917 153.969 221.139 154.376 221.293L154.891 218.267Z" fill="#F28F8F"></path>
<path d="M172.778 214.938C173.097 212.017 170.61 210.43 169.841 210.03C168.639 209.369 167.314 208.965 165.947 208.843C164.654 208.827 163.366 208.679 162.103 208.402C161.161 208.037 160.193 207.745 159.207 207.526C158.711 207.422 158.199 207.425 157.704 207.533C157.209 207.642 156.743 207.854 156.336 208.156C155.787 208.657 155.438 209.34 155.354 210.079C155.28 210.813 155.364 211.555 155.6 212.255C155.092 212.582 154.701 213.064 154.485 213.628C154.269 214.193 154.238 214.812 154.397 215.396C154.774 217.032 156.131 218.12 157.195 219.281C158.013 220.197 158.831 221.154 159.559 222.144C159.934 222.61 160.284 223.096 160.606 223.6C160.622 223.637 160.641 223.673 160.663 223.707C160.325 223.716 159.988 223.646 159.682 223.502C159.682 223.502 159.477 226.504 161.792 227.944C161.792 227.944 165.064 229.073 167.518 228.075C168.172 227.093 169.637 226.169 171.125 224.295C174.103 220.541 174.536 217.588 172.778 214.938Z" fill="#263238"></path>
<path d="M162.015 223.069C161.843 223.256 161.635 223.407 161.403 223.511C161.17 223.615 160.919 223.67 160.665 223.674C160.326 223.688 159.989 223.617 159.683 223.469C159.798 224.926 160.332 226.318 161.221 227.478C160.737 227.687 160.224 227.825 159.7 227.887C158.236 228.132 155.553 227.608 155.094 227.069C154.407 226.251 153.385 224.132 154.8 218.619C155.171 216.867 155.944 215.226 157.058 213.825C157.069 214.23 157.18 214.625 157.382 214.976C157.583 215.327 157.868 215.623 158.211 215.837C157.975 216.089 157.797 216.39 157.688 216.717C157.579 217.045 157.543 217.392 157.581 217.735C157.758 218.544 158.145 219.291 158.702 219.903C158.73 219.946 158.769 219.98 158.816 220.001C158.981 220.055 159.159 220.055 159.324 220.001C159.913 219.339 160.706 218.578 161.99 219.183C163.487 219.895 163.168 221.776 162.015 223.069Z" fill="#FFA8A7"></path>
<path d="M153.754 216.985L153.648 217.303L159.621 219.277L159.727 218.958L153.754 216.985Z" fill="#263238"></path>
<path d="M155.227 227.167C156.47 227.864 157.901 228.15 159.317 227.985L159.21 227.085C158.567 227.301 157.892 227.403 157.214 227.388C156.544 227.415 155.874 227.341 155.227 227.167Z" fill="#F28F8F"></path>
<path d="M158.357 221.866C158.202 221.789 158.064 221.682 157.951 221.551C157.838 221.42 157.752 221.268 157.698 221.104C157.644 220.939 157.623 220.766 157.637 220.594C157.65 220.421 157.698 220.253 157.776 220.099C157.942 219.787 158.223 219.553 158.56 219.447C158.897 219.342 159.262 219.373 159.576 219.535L158.357 221.866Z" fill="#263238"></path>
<path d="M171.387 230.848C174.536 230.627 176.736 231.837 178.749 236.173C180.646 240.263 183.321 246.218 184.319 249.204C184.81 250.66 185.677 251.968 182.994 254.611C180.492 256.99 177.716 259.063 174.724 260.787L171.837 254.946L175.55 250.48L174.062 246.823L171.387 230.848Z" fill="#E6E6E6"></path>
<path d="M175.554 250.479C176.367 251.515 177.435 252.322 178.654 252.819C177.452 253.138 175.382 251.96 174.957 251.183L175.554 250.479Z" fill="#E0E0E0"></path>
<path d="M175.609 235.494C175.257 233.187 173.597 230.7 170.39 230.741C165.544 231.04 160.724 231.682 155.969 232.664C155.969 232.664 152.37 234.594 150.243 241.899C149.654 243.968 149.793 246.177 152.28 248.304C152.116 250.422 152.501 252.287 152.141 254.316C151.513 257.609 151.076 260.936 150.832 264.279C150.832 264.279 156.051 267.159 164.926 266.733C170.398 266.463 175.732 263.698 176.803 262.766C175.964 259.548 174.842 256.411 173.45 253.392C174.693 246.103 176.754 243.036 175.609 235.494Z" fill="#FAFAFA"></path>
<path d="M170.474 231.314C173.37 231.314 174.744 233.613 175.047 235.584C175.824 240.721 175.047 243.723 174.155 247.535C173.754 249.171 173.296 251.052 172.92 253.261V253.433L172.985 253.588C174.304 256.474 175.398 259.458 176.257 262.512C172.847 264.604 168.984 265.844 164.993 266.128C164.396 266.128 163.799 266.177 163.21 266.177C159.197 266.259 155.212 265.487 151.521 263.911C151.762 260.722 152.166 257.546 152.731 254.398C152.906 253.229 152.953 252.044 152.871 250.864C152.826 250.019 152.826 249.173 152.871 248.328V248.034L152.65 247.846C150.686 246.21 150.114 244.377 150.785 242.03C152.625 235.633 155.693 233.482 156.143 233.179C160.832 232.222 165.583 231.591 170.359 231.289H170.433M170.433 230.717H170.351C165.505 231.014 160.686 231.654 155.93 232.631C155.93 232.631 152.331 234.57 150.204 241.874C149.615 243.944 149.754 246.152 152.241 248.279C152.077 250.398 152.462 252.263 152.102 254.292C151.474 257.585 151.037 260.911 150.793 264.255C150.793 264.255 155.308 266.709 163.063 266.709C163.644 266.709 164.249 266.709 164.871 266.668C170.343 266.398 175.676 263.633 176.748 262.701C175.909 259.483 174.786 256.346 173.394 253.326C174.605 246.046 176.666 242.979 175.521 235.437C175.169 233.154 173.541 230.684 170.384 230.684L170.433 230.717Z" fill="#E0E0E0"></path>
<path d="M139.495 243.592C138.331 242.65 137.223 241.642 136.174 240.574C135.882 240.08 135.743 239.511 135.773 238.938C135.773 237.392 134.955 236.247 134.497 234.807C134.382 234.447 134.202 233.801 133.793 233.874C133.606 233.903 133.434 233.992 133.303 234.128C133.179 234.271 133.092 234.442 133.049 234.627C132.957 235.066 132.977 235.522 133.106 235.952C133.155 236.124 133.532 236.975 133.327 237.089C133.288 237.103 133.246 237.106 133.206 237.097C133.165 237.089 133.128 237.069 133.098 237.04C132.736 236.78 132.397 236.49 132.084 236.173C131.773 235.895 131.437 235.641 131.143 235.355C130.435 234.654 129.799 233.884 129.245 233.056C128.722 232.402 128.329 232.296 127.945 232.508C127.56 232.721 128.035 233.645 128.035 233.645C127.762 233.221 127.416 232.85 127.012 232.549C126.464 232.296 125.859 232.402 125.9 232.86C125.933 233.046 125.979 233.229 126.039 233.408C125.91 233.487 125.799 233.592 125.713 233.717C125.627 233.841 125.567 233.982 125.539 234.131C125.511 234.279 125.513 234.432 125.547 234.58C125.581 234.727 125.645 234.866 125.736 234.987C125.736 234.987 125.073 235.101 125.638 236.533C126.635 239.091 128.337 241.315 130.546 242.946C131.509 243.653 132.38 244.477 133.139 245.4C135.217 247.789 137.286 250.308 139.462 252.68L139.495 243.592Z" fill="#FFA8A7"></path>
<path d="M128.057 233.653C128.592 235.005 129.431 236.215 130.511 237.187C129.636 236.042 128.818 234.88 128.057 233.653ZM126.037 233.367C126.719 235.415 127.933 237.244 129.554 238.668C128.137 237.077 126.952 235.292 126.037 233.367ZM128.262 239.093C127.241 237.819 126.391 236.417 125.734 234.921C126.151 236.536 127.03 237.994 128.262 239.118V239.093Z" fill="#F28F8F"></path>
<path d="M156.083 232.688C153.334 233.138 151.396 235.559 150.618 236.639C148.099 240.116 143.633 245.858 143.633 245.858L138.381 242.455C138.381 242.455 137.49 242.594 136.344 244.222C135.621 245.444 135.277 246.853 135.355 248.271C135.355 248.271 139.281 252.607 140.066 253.384C143.649 256.942 145.604 255.78 146.708 254.881C150.275 251.977 155.216 245.662 156.173 244.672C158.021 242.758 158.692 235.805 156.083 232.688Z" fill="#E6E6E6"></path>
<path d="M158.691 232.214L159.509 231.093C161.292 230.176 163.238 229.62 165.235 229.457C167.943 229.416 168.311 229.711 168.311 229.711L169.129 230.839C167.729 231.476 166.223 231.847 164.687 231.936C162.696 232.153 160.694 232.246 158.691 232.214Z" fill="#E6E6E6"></path>
<path d="M142.335 327.2H142.376C142.449 327.196 142.521 327.177 142.587 327.145C142.653 327.112 142.712 327.067 142.76 327.011C142.808 326.955 142.845 326.89 142.867 326.82C142.89 326.75 142.898 326.676 142.891 326.603L142.359 319.642C142.057 315.601 139.799 310.946 137.231 309.057C136.757 308.633 136.176 308.348 135.551 308.234C134.926 308.12 134.281 308.181 133.689 308.411C132.462 308.983 131.668 310.464 131.529 312.501L131.079 318.742C131.07 318.89 131.12 319.036 131.218 319.148C131.316 319.26 131.454 319.329 131.603 319.339C131.676 319.345 131.749 319.336 131.819 319.313C131.888 319.29 131.953 319.253 132.008 319.205C132.064 319.158 132.109 319.099 132.142 319.034C132.175 318.968 132.195 318.897 132.2 318.824L132.642 312.582C132.756 310.946 133.312 309.834 134.163 309.441C134.575 309.31 135.015 309.29 135.437 309.383C135.859 309.477 136.249 309.68 136.568 309.973C138.867 311.666 140.961 316.051 141.247 319.748L141.779 326.701C141.793 326.838 141.858 326.966 141.96 327.058C142.063 327.15 142.197 327.201 142.335 327.2Z" fill="#37474F"></path>
<path d="M121.107 335.511L122.366 312.77C122.393 312.517 122.476 312.272 122.609 312.054C122.742 311.836 122.921 311.65 123.135 311.511L123.749 311.159C123.826 311.102 123.917 311.068 124.013 311.061C124.108 311.053 124.204 311.073 124.289 311.118L149.344 325.564L146.325 350.423L121.287 335.969C121.219 335.915 121.168 335.844 121.136 335.764C121.105 335.683 121.094 335.596 121.107 335.511Z" fill="#37474F"></path>
<path d="M149.906 348.59L146.813 350.382C146.413 350.611 146.102 350.423 146.126 349.965L147.386 327.2C147.415 326.946 147.5 326.701 147.634 326.483C147.769 326.265 147.949 326.08 148.163 325.94L148.777 325.588C148.85 325.53 148.938 325.494 149.031 325.486C149.124 325.477 149.218 325.497 149.3 325.541C149.382 325.586 149.449 325.654 149.493 325.736C149.536 325.819 149.555 325.912 149.546 326.005L150.593 347.314C150.596 347.568 150.534 347.818 150.414 348.041C150.294 348.264 150.119 348.453 149.906 348.59Z" fill="#263238"></path>
<path d="M139.264 344.378C139.335 344.378 139.403 344.351 139.455 344.302C139.506 344.253 139.538 344.187 139.542 344.116L140.082 334.922C140.082 334.848 140.052 334.777 140 334.725C139.948 334.673 139.877 334.644 139.804 334.644C139.73 334.644 139.659 334.673 139.607 334.725C139.555 334.777 139.525 334.848 139.525 334.922L138.986 344.116C138.982 344.153 138.986 344.19 138.998 344.225C139.009 344.26 139.028 344.292 139.053 344.32C139.077 344.348 139.107 344.37 139.141 344.385C139.174 344.401 139.21 344.41 139.247 344.41L139.264 344.378Z" fill="#021D58"></path>
<path d="M127.888 337.957C127.959 337.957 128.027 337.93 128.079 337.881C128.131 337.832 128.162 337.766 128.166 337.695L128.706 328.501C128.708 328.464 128.703 328.427 128.691 328.393C128.679 328.358 128.661 328.326 128.636 328.299C128.612 328.272 128.582 328.249 128.55 328.233C128.517 328.217 128.481 328.208 128.444 328.206C128.408 328.204 128.371 328.209 128.337 328.221C128.302 328.233 128.27 328.251 128.243 328.276C128.215 328.3 128.193 328.33 128.177 328.363C128.161 328.395 128.152 328.431 128.15 328.468L127.61 337.662C127.608 337.699 127.613 337.735 127.625 337.77C127.637 337.804 127.655 337.836 127.68 337.864C127.704 337.891 127.733 337.913 127.766 337.929C127.799 337.945 127.835 337.955 127.872 337.957H127.888Z" fill="#021D58"></path>
<path d="M144.55 339.396C144.77 339.522 145.018 339.59 145.272 339.593C145.525 339.596 145.774 339.534 145.997 339.414C146.22 339.293 146.408 339.118 146.544 338.905C146.681 338.691 146.76 338.447 146.775 338.194L147.389 327.216C147.418 326.962 147.503 326.718 147.637 326.5C147.771 326.282 147.952 326.097 148.166 325.957L148.779 325.605C148.852 325.556 148.935 325.525 149.021 325.514C149.108 325.502 149.196 325.511 149.278 325.54L124.289 311.11C124.205 311.065 124.111 311.045 124.017 311.052C123.922 311.059 123.832 311.094 123.757 311.151L123.135 311.503C122.923 311.644 122.744 311.829 122.611 312.047C122.478 312.265 122.394 312.509 122.366 312.762L121.753 323.634C121.709 324.391 121.878 325.146 122.239 325.813C122.6 326.481 123.14 327.035 123.798 327.413L144.55 339.396Z" fill="#455A64"></path>
<path d="M135.514 333.27L132.545 331.552L132.414 333.196L135.392 334.914L135.514 333.27Z" fill="#021D58"></path>
</svg>